0.2845232788700859
0.24606532144846027
-0.05375542879249162
0.1036124688735926
0.31972468202452686
0.21645308621394033
-0.15360544940300874
0.197261617214261
-0.05851401601820788
0.3053143112300316
-0.5692116552202517
-0.5927581383832963
-0.33184473421888744
0.13518164569075747
-0.10152873190377318
0.021267874585761903
0.2976655694816124
0.40028939633025806
0.38704217654572504
0.6896705325100705
0.7027040585895252
0.6995327495495521
0.8833864957527944
0.9523091538411093
0.9259443496906763
0.8255039406848734
1.0181887669781537
0.565500944560064
0.4256951024035516
0.30273371319034803
0.328174086579719
0.69569468219247
0.4969710119056179
0.5664038146953937
0.5529533945480601
0.31565089959557646
0.6492062529861479
0.5100926275312716
0.49423690674104115
0.5245484240394624
0.6474159165802326
0.9421351851455257
0.6625951090009478
0.3972973405914465
0.37732193392773605
0.11052578167784144
0.5132271999819061
0.7145569221605068
0.6555758110594354
0.5125462012675317
0.3788714600995353
0.27626700498186896
-0.05095561728708242
0.34228004742557216
0.1267634365388025
0.30572165999615153
0.3935342599853251
0.08944206712832048
0.7917841900995943
0.5661436704343779
0.6695807457775917
0.06496347913333461
0.05173879955470456
0.06164201364879868
0.31569706909700324
-0.07624725365940668
0.12020454761803917
-0.3677258486839039
-0.6708260445821597
-0.3732613836584062
0.07837245222299744
-0.431190508749146
-0.08510624497185776
-0.06441223398159418
0.510969765153311
-0.21564399576889068
0.1349535195106859
0.5462746560089773
0.7809103257432757
0.6788694210586849
0.5980239732269973
0.7922964827183336
0.8472188212642882
0.5264960116219388
0.7889051520321388
0.9790972932637512
1.1098080724852983
1.0100542973083222
0.9883103311164445
1.0697357202222364
1.206006295540034
0.9853832984285864
0.7806446432340448
0.7901084184795482
0.18334359480528228
0.33209564762521315
0.5704678668080596
0.720307336594585
0.777389228844164
0.6423981552754274
0.6714127255777079
0.5948211827670008
0.7761263933505709
0.5898637988376824
0.7227559666344592
0.9999575005250807
1.1600885426298562
0.9923586961603108
1.019021407006047
0.8229346121778982
0.8363907943611808
0.7664628017196
0.8940306318252638
-0.06354832934259358
-0.3886900051458529
-0.3963474681873367
-0.41200382288771387
-0.2660409183818028
-0.21086943375266964
0.04017022592393338
0.22121773697014202
-0.1781436114355988
-0.3515981856566695
0.12583581771753755
-0.020562660599894783
0.0876699357055416
0.3573562701813129
0.614068028772359
0.821671668933343
0.42481514395354214
0.9445835522429755
1.223680135922504
1.148744268196074
1.0786592161319504
1.1659001296393325
1.227632265916596
0.7314314798967271
0.7336795789595816
1.0367287819015085
0.5639516932842797
0.7532747892449954
-1.0295463451653117
-1.4101302163869636
0.14755231425948445
0.5722211901613322
-1.2427071202472995
0.3804567694563087
0.10173276776512125
0.4808026570511761
-2.146425877868848
-2.8876254210198438
-1.6151117766037417
-1.0721708121510045
-1.9689216183751275
-1.8737438435634493
-2.627143462337551
-2.30935379363777
-2.159167541709788
-2.040895693554295
-2.384427349787136
-4.280894339235926
-2.299592310458064
-0.5772157114811062
-0.14163967050772341
-0.311487677453854
0.02951526616424771
0.5422171301999148
0.4178019575322006
0.6117102917338936
0.7047843582089841
0.8842053382603787
0.7187915299927315
0.27684215867330386
0.993068247879541
0.9520660233173812
0.9296105686031582
0.9794915566739266
1.1321641918730787
0.5595385210008724
0.9544321131691496
0.6013942760321154
1.0615371235290798
0.9917180569975108
0.03277448978834474
0.5979018684266281
0.657258790300611
0.777134262230248
0.06873143850433044
0.46851463431737816
0.35439374131418966
0.511905945274575
0.8357348083829155
0.6437290277463619
0.3051749959916451
0.49213056606691585
0.05329334445668715
-0.027938173393493776
0.03438574944029871
-1.1542087891447737
-0.20123574799423505
-0.4382105859934312
-0.1333869980421782
0.13013515569037087
-0.4614674447767443
-0.7010972092600938
0.027523886900995664
-0.3122598859204127
-0.3410451598735128
-0.6187924261659855
-1.2808173376430698
-2.842073872435635
-1.5019148634835513
-0.4241459245821519
-0.01009899463556102
-0.339934946525399
0.15246502078854846
0.27500439301126123
0.2039520106483867
0.2998648950841528
0.19016761169977364
0.5155413245853164
0.7023193482364941
-0.38501906594706836
-2.1952067611936847
-0.9129392541255865
0.17682365721885035
0.018090782705511066
0.6775550768070652
0.4547420191644328
-0.048164966913427754
-0.25121272945886625
-1.0595749650693471
-2.120319027308259
-1.9847536491869728
-1.3165694004025443
-0.7863815424205998
-0.6444764702614354
-0.34076649015771804
-0.33356345461848236
-0.08627426147609815
0.23130905492826848
0.38112699615485246
-0.8433543707521702
-2.040759573836952
-2.169236091605027
-1.6486234099240131
-1.046741996149589
-0.4366700857416075
-0.7667702254598154
-0.3308936413058263
0.14508949633108786
0.44820105747995453
-0.07508904939201216
0.2401263763293131
-1.020072395717257
-0.3091358909833381
0.17186314967901195
0.3156387619479136
-0.5628287226846382
-0.11774147359671705
0.08467620235169043
0.20665374867718933
0.68748156223278
0.17864405799988514
-0.03893157965002464
0.8074461018497237
0.9421290193184642
0.41141469423937727
0.3069495110880708
-0.3909065952363558
0.35322356375906594
-0.48214028848871515
-0.08060450703562774
-0.23231430223402483
-0.3882739037552739
-0.703783672252393
-0.11216019237966515
-0.7209415379290414
-0.7910819377775112
-1.1140116975837182
-0.5477824127860086
-0.9870964949110214
-0.8590430800247949
-1.0581962134351777
-0.6928681828983765
-1.2107423772357295
-0.4938682360350883
-0.1867333136707392
-0.16842204139856004
-1.5128206363407457
-0.40066847971689384
-0.7504239455742162
0.1697013374887858
0.41454191069147894
-0.16720080011558
0.14352341415506698
0.06269655912647909
0.5187686449929862
0.6005739330960452
0.6861331052392774
0.3199745296517077
0.5568771790466329
-0.08181610762320296
-0.8502497119272435
-1.6352108737427815
-2.5011497353151397
-1.5532310335587673
-2.5733493815939603
-0.13129759753069292
-2.4922362792804282
-1.7044237363308232
-0.43488505275060574
-0.62239571747469
-0.2960674519346073
0.18109967834279894
0.004733067590704576
0.39096040425969436
0.41473037235171717
0.32240654828491244
0.16257396259222856
0.0963780144637364
0.2769433273277071
0.5003797868944083
0.7055283048398798
1.147721581861917
0.04661735253279936
-2.319500924698268
-0.6208593196916316
-0.2932215165172451
-2.923523655372372
-0.6006271831215888
-0.04050064834829914
0.13459245462313768
0.0632518536949031
-0.3990075052079015
-0.5226298544830107
-0.06994541483004005
0.187908858826755
0.15193373270497318
0.11075062279238068
-0.08432825336319771
-0.2781335355824664
0.47494197487542233
0.5898641532668948
0.19634584544374917
0.531372796306804
0.6276904024815817
0.3758029103455056
0.2558136223432411
0.14347865749435118
0.13724946143631195
-0.15417344488594759
0.11840742571106211
0.4519368090878624
-0.6695494320833743
-0.6448013599761049
-0.1828441001754723
-0.7729781668138763
-0.41043557617905313
0.6340652115678662
0.741863977044938
-0.5812120357720951
-0.02356214558039535
0.35934543456147583
0.1421439325618617
0.6331469229909241
0.4592991415816212
0.22151257117309825
-0.2328978438876855
0.6109789447678105
1.5338863808895036
0.10885697258371485
0.43676838254192374
0.6146588810218452
0.7078849636880362
0.8474219443495798
0.5307398960632917
0.8106524101855768
0.6597865538551217
0.009963338544905498
-0.38841145562239154
0.07119386455135557
0.40568500197982427
0.5125608590698952
0.5398435616518487
-0.03325261533148585
0.3981538012221656
0.853690426993363
0.42388700992423645
0.5602624458339022
0.5355841569641885
0.21413436704571753
0.4143182621637794
0.3063438582504888
0.5708102225533656
-0.36121094031890444
0.2295934902608302
0.5378303730438107
0.5326090282607887
0.39398195663564617
-0.10682608825219411
-0.8992128862461727
-0.386087805347579
0.12441465257530326
0.5512421055802694
-0.3496148337169014
-0.02117888674872878
-0.1226753301103746
-0.4636536793065993
-1.818253923524528
-1.7949807801115674
-0.607293633776523
-0.273309722950323
0.22077479275180723
-0.015552684760737123
-0.725054082716031
-0.6983000608551942
-0.24477345073045212
-0.3673191945828492
-1.8550169771877714
-0.5176250971438725
-0.01867986768045521
-0.12254834241776097
-1.294757488773276
-1.4374082038711455
-1.3998771738097369
-1.2483129768887298
-0.7692357382240429
-1.211167658588785
-2.1127016639348835
-2.3859408492521803
-2.4041378789707655
-2.09043423598683
-0.8353905301041773
-0.5146836763054642
-0.26045472195277436
-0.5987088635295641
-0.6105287919772553
-1.273633724848891
-0.8561997074578682
-0.20794734065621323
-0.9681299564265141
-0.840232048254149
-0.573384312759094
-0.2274471609996256
0.27464642536725314
-0.07749266048689707
-0.820352420778189
-0.5182002817732902
-0.025021124314586973
0.25575713238367803
0.19790162478276163
0.3286591299802004
0.285509003888619
0.4126852778614831
0.340430584932953
0.13615247851511092
0.4497503331332492
0.36798323555505874
0.15914766368348843
-1.1931175369389315
-2.0084036259421234
-1.4834366532531646
-1.4505239310378564
-1.8338773257978307
-1.3544160273194044
-0.39384277744358387
-1.071502317412151
-0.8040021765332983
-0.8006829280143078
-0.7368317839424502
-2.462529897053234
-1.4630735890792388
-0.7738715934959878
-0.3993872839019823
-0.439265400518199
-1.5432792787980996
-1.8066296860524163
-1.3688957724594568
-2.072848572184541
-2.403066094110669
-1.541279545429448
-2.6601829379359168
-3.3299681630657085
-1.4249616696129077
0.03518438155700521
0.09069315555915403
-0.21777936489667069
-0.43535016461106274
0.06095692410481873
-0.3350897316753603
-0.2162140342081907
0.27587733609945675
0.41621974364422
0.3803089724595451
0.5538941826179031
0.32787682225976644
0.5410878638389257
0.34414111562228866
0.2722458017488242
0.2637309508299872
-0.18523137418025243
-1.6725367865422431
-1.1773950214905229
-0.7889278846685045
-0.3838497304246497
-0.40158344642870575
-1.502011936326322
-1.1278430380246665
0.15561780397730945
-0.5299176042427725
0.2825870402333476
0.48784494887799346
-0.546480518989718
0.3625428840655528
0.40370916081007646
0.7783706956010699
0.9114263657376132
0.6989033216700629
0.7230155820531934
0.5272792016547492
0.5788269555329957
0.30939744237032474
-0.3072609496812084
-1.7777020521270508
-1.1879886976327885
-0.013510582266926696
0.5513728549415509
-1.4052940055039533
-1.0203988850122512
-0.6169896789722638
-0.04066409734101828
0.18140835338471667
0.20124774761285047
-1.6335387618752717
-2.6526825045838907
-0.514293005810552
-1.8307692743663608
-1.1573458374118677
-1.9836793614225416
-3.341020103166153
-1.1484007311353572
-0.6767312250918628
-1.22028258110081
-0.26204178846353804
0.28386482432586746
0.2841958513347481
-0.16082383510501064
0.2501055889413202
0.19070080829297575
-1.3132489818885689
-0.4520467274790334
-0.2025967384996914
-0.26472266127821353
-0.6794496605464562
-2.2141390081063044
-3.436400627041731
-2.346090540515833
-1.8529795647082792
-1.0332462164493532
-0.47592415706702496
-0.5746056375271678
-2.277324262005573
-1.529232064143381
-0.36441775582953906
-0.16326944563344342
0.03151576230121961
0.39521489561024103
-0.3415063864596096
-1.1668230733206544
-1.2549932856430055
0.03628989448671344
0.4570720032384219
0.1343333262473761
0.3028936091223431
-0.03585890276362752
0.26575633943978993
-0.10170005181851463
-0.05669796730799159
-0.2911112045400772
-0.4891283739100045
-1.6866295835211256
-2.4771918008900577
-4.060044340461166
-2.716724116069408
-1.3284580193360251
-1.1820293570311695
-2.2728613761358742
-2.666192471141455
-1.3396420729372098
-2.106661206510874
-3.193496068186044
-2.136415000949651
-2.5543308592021794
-2.1911316426342102
-0.34674141562727534
-1.0601338210255173
-0.8046910155205479
-0.6079909151690257
-1.2184965369521976
-0.07513624740735639
-0.2831922594597027
0.1887894557767526
0.6106318644787657
0.5415033229752167
-0.14815268064667853
-0.6322138039056735
-1.4611279363230152
-0.718383538989473
-0.2891604331954366
-0.06354398936667388
-0.16625107872417372
-0.5799072460533184
-1.3332840684472855
-2.7308226428398252
-1.4598693919245722
-1.612196255471311
-1.4977908756306737
-1.1276376742465355
-1.526779876618512
-2.695330964220829
-3.732250756132741
-1.5999557885628066
-1.16240951806058
-0.919151643915233
-2.051267221824289
-1.506274937736311
-2.3376194307208853
-2.21035915673346
-2.401023368376509
-1.2417085009270028
-1.3681575634766663
-1.9041893755532973
-1.8332726347697819
-2.3465517795434967
-0.9043377160963347
-0.31602653190502805
0.13208164212897194
0.09905558840332723
0.10647810073359892
-0.017230236211349476
0.16250891694974495
-0.16821358639051565
0.03324243629742929
-0.9142507949325884
-2.8663530537744952
-2.010021705352732
-0.9721696660567551
-1.4806947127610461
-1.013152484145214
-1.059344971212409
-0.4477359828341807
-1.176125461035451
-0.9810443052845293
-1.2885600232212824
-1.9729046545302147
-2.952834266020354
-2.849971350977428
-2.280297835350738
-1.0485234999954178
-0.7117834105762637
-0.19077151525692804
-0.30221886976559753
-0.2459093372227125
-0.044031365102880665
-0.6550616771940462
-0.2436785784949701
-0.22318219235372405
0.26206267155505525
-0.14780093361191693
0.3650648419459964
-0.326242553877317
0.20199973921409065
0.2053182374956401
-0.3156152249059848
0.003806745833864311
0.10934716971505326
0.22844071381857983
-0.6926509539630827
-0.4058858082980705
-0.011628162021475985
0.15209429881413639
0.21877129804609685
0.2925911502606665
-0.08379716657268296
-0.5337828743085319
-0.8108146467984064
-0.7078322161453606
-0.5220556129887594
-0.4550185793148429
0.14939705920972507
0.262690094751004
-0.3966277405616436
-0.43268678474092925
-2.0362487221457064
-0.34069666164047535
-0.5895030640507166
0.1397380684725955
0.016344156014462097
-0.11664291872532118
-0.757756406654395
-0.8003339580616508
-1.0421021985889565
-0.43402547241287043
-0.5846118620234417
-0.3591011917047481
-0.009014089099084244
0.20087871190293377
0.19847665164684936
0.03410956475636123
0.10260704840151952
-0.02280720333836514
0.05314549936365642
-0.1852425615514405
0.026228915120407092
0.03950534971117825
0.19985522711223752
-0.05555773032744468
-0.4958750260493565
0.04468162054921615
0.2494661491580613
-0.02624604992058191
-0.05747584688762375
-0.25322473037137866
0.16466174781216897
-0.3738143162783374
-0.15798865312996935
0.10593991436923228
-0.07952658827720302
-0.9615932470962626
-0.6057201828923806
-0.5051220244638461
-0.2228116839784447
-0.2644835942280707
-0.1345759213195568
-0.2924008109804318
-0.3024480911661447
-0.317088089862704
-0.7323523463951334
-0.8753834172992233
-0.5993590498053849
-1.3654569958285716
-0.3625061209732392
0.29603688296595065
0.33509713837449084
-0.3587037112318376
-0.7870789019908642
-1.644772827732787
-0.6269248672038037
-0.3655575416422694
-0.2738285265851918
-0.39783232554234854
-0.09184009805840704
-0.5870906535960708
-1.973757231963096
-1.961545865769604
-0.7449293652583051
-0.09235869628154075
-0.19847731955348735
0.21346292879053497
-0.08861793797245046
-0.3794409511051552
-0.43616131348958936
-0.2777024699228668
-0.1174565010761337
-0.13771499845297683
-0.7320956240460883
-1.3801848928536324
-0.4801053076862234
-0.6195198063239101
-0.25410186017769193
-0.2770303255643277
-0.5978918811958536
-0.35500149549228166
-0.3550697589360654
-2.222716416757125
-2.5130070411009053
-1.830921689783175
-0.2506563333302976
-0.18899469516342593
-0.5401808893703459
0.09479771061352893
0.18844887338606675
0.26723372476531404
-0.045676243781702375
-0.5774429286458833
-0.8062842090908223
-0.4596882189741841
-0.9538360056300098
-2.4630730787998507
-1.8682425311834374
-1.447885565728344
-1.4578983076870207
-1.7892834542942686
-3.0234792518354046
-2.0878452849814995
-2.494181310116798
-3.02432148910815
-1.336594968676148
-0.6480979506776866
0.12370681464018929
-0.006803523261299738
0.16059991615758845
0.08260734646010282
-0.0056709967424372065
-0.9651542229805836
-0.9039230488584207
-0.2744324282846776
-0.26972223323242867
-0.7756019054004099
-2.0254518319010932
-1.455698141853164
-0.237464967455619
-0.07170924251165639
0.40306396435909075
0.28338634062472157
0.0775347354640476
0.3451536344816638
0.49919604398933626
0.6313381307085222
0.5635319999373497
0.2069747693268102
0.41732778185354147
0.5074834304625006
0.6569065751699766
-0.07404636437886938
0.24395656986939007
0.24136223501601395
0.360801161302825
0.26222598833430943
0.17046012426046486
-0.032226885875379696
0.3496213369051968
0.3258151529491701
0.07814156931957167
0.4651147132542781
-0.15616476556873646
0.09808726642284893
0.05657939903367282
-0.14387943831316125
0.2028906449855944
0.49017543652072626
0.5060408384534528
0.008141790431444806
-0.44700164350281646
-0.3548029254895867
-0.8910958056427543
-2.077648190954032
-3.196115011265155
-1.446608779455001
-1.3550366836386414
-2.8983882151537492
-3.726558425557878
-1.0953507023886573
-0.08618699949326081
-0.40677341618415125
-0.1971322400730917
0.15520915718751283
0.04734584565410477
0.0567491377083848
-1.0197717737104046
-0.964580485074569
-0.43392896966707367
-0.2569852474996118
-0.3974818223383608
-0.2768574287750213
-0.922395913254352
-0.27880591231861657
-0.1447824379011986
-0.9127361486070084
-2.127787760741042
-1.1255813657818452
0.08548705087951652
-0.05375334388238176
0.0076693359589883325
0.22422314903807972
0.5349747867977712
-0.18688914948759802
-1.3162222089377213
-0.7616277954811508
-0.17264990921714607
-1.2172316670207515
-0.34983453619350985
0.004175060636064043
-0.24101996973012374
0.14297392242958057
-0.013749092879904723
0.013954005171979866
0.19910821414869023
0.1214440288269184
0.0900331535204904
-0.1887968931175028
0.16279483314740895
-0.25217575926344865
-0.0700752826676441
-0.2771594751624952
-0.08253081999583778
0.0028286848711982504
-1.344383217010808
-2.4585230167666667
-2.802216556746341
-1.1036699829759673
-1.7281355633275106
-0.46701118940426656
-0.5274563138012331
-0.015095086015058656
-0.19671262328869765
-0.02339334100585566
-0.35044186207506467
-0.12882916815895723
-0.20379257076924717
-0.09334918817032067
-1.0138606116104465
-0.594488841196263
-0.6488325311250119
-1.3160728543511904
-2.751903183531975
-1.2997472416200535
-0.5579041837883298
-0.9791043177138661
-0.7567347782661848
-2.1563223321914506
-2.5305287930541476
-1.7804806527785593
-0.5407643306377253
-0.6916004090788959
-0.28947062336495677
-0.771974701120101
-0.7997076105575891
-0.5243969098770258
-0.28546070458793665
-0.02227844780138835
-0.06295558843101931
-1.425440138736852
-0.6816325477068093
-0.07316258261412745
-0.13196955700326832
0.10018650928878181
-0.4414373109485422
-0.8132937066429216
-1.0245886587437476
-1.2275568348276424
-1.0549486367280563
-0.7691095442612635
-0.532085710408106
-0.7959108930618549
-0.35369094861460565
-0.4137051120227709
0.1848228990346677
0.5306776046203857
0.34035282379342613
0.5557283350319563
0.3654283422765311
0.5808481775500478
0.40201850843874964
-0.15726205260744977
-0.24576268411522353
-0.21483535630790698
-0.8385992774391632
-0.11759160625522799
-0.28149967529610376
-0.13294913004321487
0.2671040012967173
0.10338695203869036
-1.2221708109829437
-2.0407848199041707
-0.19946134840633417
-1.310718498300232
-1.5045635184935695
-0.7219405733320778
-1.2839524466446486
-1.0809513002910005
-0.3871407882288624
-0.37124272088788923
-0.6285589136129436
-1.1074538589670944
-1.4667765586128947
-1.0183711352476452
-2.195154335436629
-3.191604360176611
-2.026363055002549
-0.32024430349624267
0.005642942526344785
-0.24215320873884907
-0.033447933069986197
0.07956612926655421
0.26131458304123123
0.1600464219804379
-0.3750945834015842
-1.4624812161026381
-0.3995018692938808
-0.05222138124706385
-0.1272303370498859
-0.23346538307650352
-1.0618625424102701
-0.534531752412889
-0.5547546838434161
-0.07263966708927241
0.18301243711700316
-0.15515718392757577
0.257991876582234
0.06316061835366504
0.01785534936345462
-0.41286805903423174
-1.0887556053855725
-0.8805979032729759
-1.0715350253518425
-0.23414764844382724
-0.17912777592784418
0.2535408517308465
-0.22489402765682565
0.21387460179992834
0.4760856560564499
0.641989069746005
0.4671322883434462
0.4934234843494508
0.7899621104844179
-0.6008719402565745
0.38355391721197263
0.28930020344588503
0.3923288587002558
0.12019210043872602
-0.13653445392274355
0.24270554212054718
-0.11790384628490996
-0.33239680191415993
-0.5744146526860736
-0.20431140344643517
-2.516473843156967
-1.7274524940207148
-0.4209601823992406
-0.44519735157835183
-0.09409715854609504
0.08803300953764792
0.369519398626592
-0.8845910335670907
-2.8735649549541233
-1.3031850889258836
-1.7729455304774617
-2.0315025271903595
-0.791768334721883
-0.002609546192382073
0.33537876012713363
0.23096297392901866
0.013963244176968426
-0.7339618405613422
-0.25952808923169923
0.016155704233019486
-0.06901526738110214
0.09970666845813853
0.2212042068201156
0.4524202005008734
0.16954470518814968
-0.48066154338546097
0.015300676990442685
-1.0311485117140116
-0.22894751510325784
0.06029527155156306
-0.19756082000680464
-0.9771738449459706
0.0823589449794409
0.227360756527957
0.04287061982188889
-0.719429345267826
-1.2382347971924181
0.10682729432301352
0.6198044751707248
-0.3088363771091384
-0.749185799753945
-0.013775511378859129
0.35335922104476936
0.4795909481607725
0.26450848144240136
-0.6426906948544275
-0.3994846045927414
-0.2954609074923338
-0.20084759758402693
-1.8116684378273014
-0.4837103874383549
-0.5033788630320783
0.01649729634617675
-0.15769152711106904
-0.6310881311606357
-1.602420447281948
-0.34338250183929403
0.3709785197347406
0.4134574137874506
0.3269242888303746
0.5235844029024107
0.9706883711397194
-0.11466364752903471
0.22016340837955312
-0.41090809133966466
0.14715088992622244
-0.30469063679458963
0.7240172093327671
0.3913019971235965
-0.6125525096774106
-0.09329180243028742
0.03784443640556684
-0.13941132838167208
0.12425626117765282
-0.41537231528128127
0.5432793380381175
0.8073655569677043
-0.1544262653092036
-0.7840391621820285
-1.069376056114172
-1.387846344144827
-0.9682851441512029
-0.9526614130689779
-0.371276337014467
-0.2090445161537434
-0.02665669567152415
-0.07187793495559733
-0.05251659360614863
-0.6864043848280965
0.06970770696535877
-0.10366397631317073
-0.42526749475535097
0.09755730551586739
-0.2776736280994659
0.3163379175864339
-0.14795352131004852
0.19953606402012147
-0.5359228428789432
-0.8251545389605629
-0.22744128220414955
-0.17214001746419236
-0.11762141902982609
-0.47234917032965046
-0.8303716487573736
-0.4844889844146028
0.04757785878199494
0.16279399319775106
0.4443715476279816
0.3174469036933475
0.10515752936200623
0.3150606429895312
0.4428918711576454
0.7406650087416271
0.6216027322394047
0.529163266300602
-0.8926107246634185
-0.13082496213718386
-0.7096175718515987
-0.336968458968691
0.07144160462210336
0.21149427414128025
-0.31600928997492506
-1.088609016239638
-1.8416743305244474
-1.0687401877220215
-0.23004550113253808
-0.3716382883997146
-0.18011665401327756
-0.041972560946308385
-0.5171833778746487
-0.5401080745552356
-0.36181547574645256
-0.13917198664662767
-0.1314122938871951
0.20502173640524696
0.052233346572983286
0.6999748752542286
0.7751966173089091
0.7592085144015239
0.7816510518825421
-0.2589985769318372
-0.5286127880006923
-0.43212725121825685
-0.001054750052798592
-0.46592682073008296
0.08313086790539242
0.453018839901283
0.7179368927534325
0.8290028724851124
0.8414896445861917
0.8798491720803183
0.3465642853279194
0.7589551148136584
0.7646778712551037
0.5850124358269516
0.4551952425499126
0.4301366455872485
0.1630533074775859
0.17859644007841297
0.3588869042503101
-0.3823082408247011
-0.30159541624198277
-0.05970982847857548
-0.5714636909290591
-0.6378498992335933
-0.7045201503662448
-0.33360208630019217
-1.0229329771051312
-0.4558846816795523
-0.21719002262285952
0.04226935751197375
-0.05138213104650258
-0.345686806523035
-0.28079885758780887
-0.16615421657202917
-0.4584994649165406
-1.2450809791467696
-1.5941084398175192
-1.159240186113664
-0.8721583110044754
-0.6154477309952544
-0.4104045052695432
-0.5278839546493415
-0.7892323051179614
-0.893205718043891
-0.5520251392552358
-0.28464645106593467
-0.1637422094426062
0.03774128339780347
-0.3487751342160219
-0.24488482358396238
-0.22442249344283324
-0.6016981375328481
-0.5021474816484642
-0.6884092272344408
0.2547198238670011
0.4008093027355488
0.3462722330583994
0.3381479320997708
0.33048863350048785
0.01583255985168114
0.3659614402946192
0.276913539578297
0.42667977929440803
0.5357167861680763
0.2644343732195189
0.23745715799113776
0.31472966743675534
0.2099095027803749
-0.40013900909682376
-0.4658443016394671
-0.23351504611477794
-0.4838107418733014
-0.3033520019818328
-0.2609017777977353
-1.3616108456886942
-1.9047879351818937
-2.148854684474273
-2.609969263235256
-2.49206062606334
-3.072403239385818
-1.9824376867705067
-0.7112432700561953
-0.018851763446535413
0.048924622310253185
0.2181724676048611
0.08711010625213605
0.22140337559404266
0.3564950171527218
0.4528048368856885
0.3580175067856066
0.12860156600811462
0.11910787949527513
-0.12602613844366917
0.18494338266225563
-0.281895827636498
-0.3209199700311907
0.0759847343890751
0.042587608737334026
-0.1270657647037681
-0.6738098639469412
-0.5089367239139977
-0.32277318353031653
0.20370966189748868
0.20156277939560308
0.26567536465704
0.33582357635381443
0.22103681468527336
0.14781789024721192
0.3778999943160868
0.2359392580157491
-0.005188302801501232
-4.498975560912043
-4.697996526294287
-3.591052115500474
-4.117873546322
-4.031861282937014
-4.000671777776986
-3.410473598699356
-4.075495793242562
-3.7681261268600323
-3.3728076571713754
-3.468279960018224
-3.651244734000882
-3.3724235531581286
-3.6215492039428576
-3.982679440984613
-4.785447787683973
-5.25359948581192
-5.504439224004539
-5.769540129740291
-5.707074570395228
-5.920255493090207
-4.221569736997685
-4.391359725789565
-3.7587361976901663
-3.599018649490049
-3.9512233467894675
-3.5118293510709213
-4.052685783599358
-4.070427400315283
-3.61822608027634
-3.9638615656650296
-4.320928084565727
-4.379947415604157
-4.197008645778755
-4.069365521878435
-4.155061299956709
-3.7262876797743827
-3.5327379745124636
-3.8932337574223457
-3.4808032007678604
-3.0836274330508195
-3.460992740139162
-3.8088419882333353
-3.8505227712977783
-4.020434305158981
-3.8202098228663743
-3.541257802559503
-3.384148641341032
-3.237710028793535
-3.073795986335813
-3.1559341321142154
-3.5517857878867525
-3.536603245319021
-3.359068044401302
-3.1172182471843892
-3.3628805606937786
-3.5353027212609534
-3.722321696447761
-3.1393021601257836
-3.4367002921128473
-3.5112419696994004
-3.582887376548654
-3.8604797569669227
-3.7431916882676584
-3.4308106655655237
-3.3498123094111505
-3.561659794749602
-3.7404112084238603
-3.3452544997055034
-3.13808212732957
-3.1181655118553127
-3.125418458899057
-3.494040021123392
-3.535604283128072
-3.5370989400151798
-3.37396689807507
-3.0959893872586735
-3.273392943085768
-3.240615651396928
-3.5536571616920902
-3.634731866348952
-3.271707423041625
-3.091733359383471
-3.1531841526882816
-3.3916860289018484
-3.4417826230789634
-3.3277569304541355
-3.5314952914479782
-3.1204205335556234
-3.6030232373504925
-3.3831772006772645
-3.62523514548056
-3.6252290787106825
-3.0116803881110203
-3.2616597409663814
-3.119166743120684
-3.18159251478808
-2.970957316468714
-2.9690608920123425
-3.128916382227626
-3.0140200153050776
-3.770428736138612
-3.749811373632572
-4.074787947381551
-4.9114612286486015
-5.2361322853649614
-4.8806726460855
-4.406913497655781
-3.9574241838012756
-3.9380530469868984
-3.548129625978453
-3.1833293852614304
-3.3208191765614603
-3.905967299936675
-5.881673021207158
-5.992147319232926
-7.065246707144555
-7.2844045478271005
-7.566290336104083
-6.232111756320311
-6.374551538950366
-6.102386326662344
-5.96312499974034
-5.12916808109731
-5.601598838517527
-6.164634562889807
-6.260078387535222
-5.312920034641009
-5.930732496659551
-5.918360545688614
-5.386202571654233
-5.765914564285411
-5.187977017981278
-5.057237256876079
-4.883011333161328
-5.061777610474842
-4.766020992589176
-5.632577502060499
-4.8242355806730375
-4.571595214291177
-4.75143274201522
-5.610483055144161
-5.377294454114043
-5.645119775234487
-5.194772399455007
-5.367200010351307
-6.117954498803267
-4.9358037348910475
-5.094729985475571
-5.044281215862213
-4.896477070311217
-5.119890643872445
-5.031643427746914
-4.711921615962515
-4.718713902705334
-4.662727323433904
-4.538664252745105
-4.3023809948405765
-4.780804900049747
-4.693150377509961
-4.82239349117016
-4.488362133667434
-4.744126930798176
-4.541852294813106
-5.216016095532256
-5.127623186275472
-5.341156846671726
-4.631665262670887
-4.907041755185381
-5.388842186430498
-4.7128787584276495
-4.773109300651923
-4.180457861333368
-4.835950518393794
-4.8317333409379755
-4.830710198902074
-4.688919782666484
-5.1070818845802295
-4.869461044858104
-4.984345291885089
-4.967458461245677
-4.96271213827854
-4.741372614568242
-4.578132367135492
-4.323979490653016
-4.054784191845813
-3.9450446662318486
-3.8103636632196047
-3.26810435174001
-3.7035448439092473
-3.7972744383579613
-3.667479799726882
-3.99347503768119
-3.6261146498433665
-3.5047691320843466
-3.5648004510095244
-3.3735810916989504
-3.4108220209718683
-3.6046182368381157
-3.334332435063414
-3.2126027683074376
-3.196970878969217
-3.213744791657849
-3.1533929047153286
-3.215004307840932
-3.1753775162519586
-3.204794758189116
-3.0651289040295113
-2.964112848290484
-3.0111070352041636
-2.897722644508671
-2.76109832235731
-2.8000026255979
-3.323736254893523
-3.0215112660207923
-3.406894963992744
-2.9580715566122655
-2.754335433422227
-3.281622635152887
-2.7300436838458855
-3.0174279562749864
-2.77067718448615
-3.0799750552122953
-2.8606700728757564
-2.8727778677849862
-2.8239544441442654
-2.974038457261885
-2.5301801740150593
-2.7547190295741273
-2.6163453109904644
-2.5870726243017828
-2.3744970545078385
-2.395345306136063
-2.6941113192963453
-2.9080663788232664
-2.7713046399158134
-2.8421277839152324
-2.8305007716980874
-2.7549642646697645
-2.397803354104071
-2.6728890581384217
-2.8809783345386766
-2.926156038564368
-2.9974322047068487
-2.7717178058103964
-2.9816446413126245
-2.6253595828019165
-2.4561688448751093
-2.939584672698568
-2.512217654709309
-2.747319100301049
-2.715238231876353
-2.5259185173830767
-2.9032317224839392
-2.7330835000528
-2.6552233478112224
-2.8262044644470694
-2.7140195962913487
-2.7294222420762932
-2.649700218184075
-2.387832566478973
-2.244348874911055
-2.9259429053866772
-2.81280578627931
-3.0220593885235116
-3.0140328534848058
-2.9930881463096672
-2.57967280574136
-2.632805056008959
-3.0813304277507543
-3.310957658551241
-7.742664936259078
-7.744468941806047
-7.409768163049734
-7.026030133486771
-7.254246966612163
-6.983877975014588
-7.240248870623903
-6.965445750215817
-6.824511168713772
-7.043615335181269
-6.878749649439302
-6.710607236277354
-6.480457263881443
-5.630736102331229
-3.486981352981335
-1.9989504666975955
-1.6070341078149546
-1.2097823250083721
-0.7903497518698362
-0.5693851018898927
-0.2926058737879744
-0.895276195347421
-1.0564590990473903
-0.7077866490498153
-1.7628378645401035
-2.203023829212583
-3.010051306544437
-4.371768485531747
-3.108361406213124
-1.7996936434096709
-0.7851052800972637
-0.6297092928825948
-0.31609452192009335
-0.10845091225740289
-0.06933035906159743
-0.10591819361030264
-0.06923395800567364
-0.020299588204931107
0.11928831716634491
-0.11970966602564209
-0.4917744931733695
-1.2311388651625863
-1.443520409063532
-2.086581242231227
-2.1065243465713928
-1.6482403651763855
-1.3496860527313295
-1.3325286210716811
-1.775605437096701
-1.4707555406026638
-0.9157704560020128
-0.32144343468313996
0.26329811636970024
0.17108714382394313
-0.2170398112041088
-0.055053374331402116
-0.444902651599247
-0.5802539243048489
-0.4391586291151102
0.07485612978313488
0.00473677781705123
0.032189868230538765
-0.18715383072825387
-0.8830388009393876
0.19250294661107004
0.4511870871730639
0.765789358910286
0.898000080654408
0.9524823640786586
0.8632589624113727
0.9628957583744633
0.8390856188230078
1.1967407693993426
1.1649579071345377
1.1905628163106448
1.0289909456010393
1.2623139896371922
1.1834638017716312
1.234150492134129
1.2092843430204903
1.5493408759978138
1.6270826292553275
1.5219266221916363
1.7217981131236855
1.706129322810751
1.3180670005311057
1.8623225125763776
1.5315344318570878
1.3122353815291845
1.2527598449548396
1.1467274386619573
1.214312517859026
1.1693251246385568
1.4551051321964097
1.375727748390494
1.70799711113801
1.5328543390280371
1.0899938001666092
0.09361024548211255
-1.6621482136337757
-4.001256563880096
-2.8729458313952616
-3.475324757926626
-1.1992718456488425
0.0957532005165328
0.21152643101819069
-0.02122152679388764
0.48970068740828643
0.47347599755418524
0.6385452075150871
0.5395731290807695
0.26266007462063834
0.09474598098340536
0.07330819750273848
0.1322981378402
0.519763625132882
-0.03914519768875205
-0.3836985577208471
0.15186015076136827
0.31677124872758855
0.6846009999215027
0.4967169825759259
0.508975591579595
0.48895541055315417
0.8679439124611825
0.9656166070600709
1.2060688918837559
1.2087055729468867
0.7325496110360942
1.0010746239717196
1.4907995795943645
1.3679313628112042
1.0313859488274753
0.8888512154240273
0.8866566038924997
1.1624591501691395
0.9813100977506077
1.167977530521562
1.3525421437800094
1.2297153703405441
1.2643375075132983
1.3248275680990598
1.3485127766733898
1.0662901055028382
0.8186234981232774
1.1749515176736056
-0.803308058981553
-1.139807927942799
-0.7234945965261625
-0.323377882273716
-0.3214433826526974
0.08898855034461817
0.5057637506726453
0.10141074503388325
0.8999807400807918
0.9051916016527908
1.2393717327471692
1.4407333810576894
1.4731834324915871
1.1830117137420062
0.6067262163842814
0.6014076933944266
-0.3340304435145515
-1.1544571777483839
-2.843240713258375
-2.353978429554394
-0.7981638406496097
-1.871471499177497
-3.1386228493172577
-1.5854333164884542
-1.104898963690931
-1.7845761588432587
-3.2200931785071285
-2.2958716399527086
-1.495844461887396
-0.6725092195540645
-0.08252047756733688
0.04826583121005379
0.002582809990965662
-0.3676178852899839
-0.589262047455593
0.027963908905287604
0.5275628880183082
0.7515812061700824
1.0054379776496827
0.9521532315209198
1.1205857544240518
0.9837984228830232
1.0632325665012263
0.5170140931491037
0.708185154059298
-0.016358716069777596
0.4716382107136927
0.6553399668217261
0.4118947783303488
0.620834104311778
0.788021681651802
0.9274537212016816
0.48463799472744185
1.3555859205015346
0.9120177552787203
0.923915046950029
0.3159826878802997
0.5550854947514523
0.34333395218293516
0.29338090851985366
0.14704284264834339
-1.4798542469111728
-0.926928350664928
-1.272197879772869
-2.297829160768892
-1.1434656964301677
-0.6733653729566926
-0.5397979986752902
-2.437235611119461
-0.9105382927726162
-1.0182869424677847
-2.3917477987115774
-0.658093052367562
-0.25109651983095843
-0.4364957060148644
-0.3851143009273196
-1.115626721913416
-0.9393172147556079
0.05877379223585927
-0.6135278478923847
-1.1416778865801755
-1.9496571907147324
-1.5017552928854134
-1.6277509686270983
-0.6255843958113889
-2.6104354944474712
-1.2536822778325285
-1.5844681319836424
-1.7670308048788972
-0.08346029784329553
0.9432674119411804
0.9429178916654268
1.189228695685037
0.9549213800038865
0.7596773195386766
-0.10865463631607916
-0.8598747366183199
-0.6027302530227701
0.299303723297384
0.9566431042704713
0.7953816747771327
-0.7544637579201985
-0.515819636254206
0.4160265614993942
0.7257741259573905
0.9704743676260068
0.9333987770365724
1.00986353950359
1.14987843445835
0.8239826772002345
1.2557687258560621
0.9211865224872684
0.9024778139572924
0.8499734429177102
0.9243032306857375
-0.6353057089623342
0.039544038499167156
0.6842869211254012
0.9557429045950303
0.5157926752198405
-0.5187286863318445
-2.984816375844625
-2.6425398909926576
-1.078923006803473
-0.5591740052400411
0.04273670071694874
0.2623922217102128
-0.05668157706566321
-0.14564862222312158
-0.37768982603717777
-0.2646451337512634
-0.4510953139076407
0.08642144187512074
0.677988117648899
0.40192495863769606
0.12803670197283
0.5969295302299231
0.8364912043546919
0.4669160838784697
0.46314574431791955
-0.6164906996765774
-0.6150851669066639
-1.4193342865039265
-2.046929306739117
-2.5725782656670444
-0.8546385048804015
-1.7148279942872116
-0.48453452021902643
0.3237789594174484
0.6696487096596989
0.633861805802452
0.44924313828140316
0.40502022024718787
0.05039389161177604
0.45467659755605927
0.7378841173051838
0.3709652714395406
-0.8080177134078128
-0.6196381709707974
0.04255010799211573
-0.27282164245106755
-1.9656795921202355
-0.8113028673318683
-1.0196902439769882
-0.42009985507260417
0.4002129707696489
1.0868827509399845
0.83573903194631
0.5516745429739576
-0.32566563195979403
-0.4745377929667076
0.43814751364091153
0.3732213313023529
-2.029335080996669
-0.410794416412809
-0.14711240673949288
-0.7358834999820935
0.32235267260348444
0.326929204425491
-1.4763642022498265
-2.077268588178272
-3.3153122328003457
-2.4407587787299425
-0.9212772539423537
-1.0142968139394002
-1.1629406242603564
-0.7791889659677906
-0.37468190004907065
-0.230469323230769
-0.4029167576020463
-0.09840629822800129
-0.6895470527571069
0.14592933485477227
0.14800653564818467
0.4018854988749525
0.34157028921402366
0.2949392629295321
-0.27460588502980876
-0.1622728617659948
-0.24955029114666982
-1.2898249653353944
-0.4339055863965763
-0.4389165538378903
-0.6992132986715243
-0.11161902985834263
-0.7677637497922394
-0.7350315816992643
-0.2112021911751134
0.5539998287877018
0.7585638163739237
0.736811445953724
0.5541985540966838
0.8075504586246929
0.2384194223508267
-0.1745781604046135
-0.20745392966818016
-0.35262706961276363
-0.6870523372790363
0.02633844956511766
0.27678142725521016
0.2415876965041186
-0.47894562208082403
-0.6594973492152244
-2.7021537995701133
-3.9111864513857735
-3.558901398778235
-3.4771305655132894
-2.7609143210535367
