0.30093049238409236
0.2999914644709276
0.01723819355952297
0.08825096116953055
0.4256896105572194
0.24459354735195038
-0.09242684143609414
0.20823903236727376
0.01058691256515433
0.32679294401006986
-0.48534144551353636
-0.6558781857678855
-0.17258994862287902
0.27001845570064537
-0.11521170359459892
0.19427045865110001
0.511793794489836
0.45807694217400224
0.37462764100284063
0.6775821844840262
0.760390924379118
0.6954266016893449
0.9003128245901115
0.8360549641040598
0.9006465688678567
0.8013621888656299
1.037880015694939
0.49095661444667055
0.4961953088711567
0.3971645057448933
0.24602998905334791
0.5983040029098039
0.6272960705939943
0.7984780305511405
0.6056011968649735
0.41238500266217387
0.6963890164209867
0.503289314291541
0.5407012330540955
0.5550328437731633
0.6732589727712719
0.9682799148737475
0.7694354200833775
0.4368530393317856
0.42480966743374654
0.12979038025700942
0.5867515233646512
0.6058367234280929
0.8218049664057616
0.6442435267449309
0.6003460035704515
0.5079551487187555
0.019334853014056713
0.43759212283837523
0.21123169927448138
0.36473812397600297
0.3801260208579607
0.1398711581076663
0.7690653970130825
0.6628906502278957
0.6622741638234135
0.1812934881476419
0.07853342999092039
0.03159084381345639
0.3289287648154819
-0.004275952501610392
0.2090764292914449
-0.1686564263703384
-0.35176858236030123
-0.4454915087566442
0.15627321460650578
-0.21911799396744785
0.10327144618561088
-0.024507954756359807
0.6446233743053591
-0.05430693322436325
0.20472197784931262
0.5845310056945812
0.9310585536387344
0.8473582229701908
0.722446400621666
0.9516286557718159
0.8550966922208298
0.5882710408648721
0.8967073905853409
1.1328917349301952
1.1377964452374523
1.0644232714849948
1.0854075869267017
1.1615326886880168
1.1895449546649752
1.2144217187137014
0.9170303875132169
0.9712440099311452
0.1521080358282178
0.45578791579324446
0.6932260077408872
0.7013424817640828
0.8192541893503733
0.7337883008122323
0.7096014963657313
0.8113303985960079
0.8993406971418163
0.6668515732241702
0.8098528359545449
1.0315867420714375
1.0399648909323023
1.0464995591795303
1.1645268651689584
0.8816387233698855
0.9867310431640159
0.9195543416165715
1.133382477458484
0.027489096278451863
-0.3406346849444574
-0.3961426744077407
-0.3612494486357143
-0.20031977815315466
-0.08156782729854342
0.1716507183050744
0.29457323394909785
0.08066437630379016
-0.22246688730170333
0.269143599460667
0.18493958300271907
0.2688448211049288
0.5218344957010608
0.7630271115519509
1.0053501143793113
0.6285519401728179
1.0106451997815675
1.3132044653153856
1.1834496584363594
1.2240492585460496
1.2084426331445963
1.4883537173605277
0.7322274701757907
0.8860514837798814
1.248804120778973
0.6702453335119691
0.8756256063168188
-0.7601042723692555
-1.035934380057698
0.3527497432470738
0.6795511245186103
-0.9719130500306752
0.5171726602428366
0.43881678479690606
0.663395411003199
-1.7018174646977742
-2.962090416005273
-1.561749238032101
-0.8885885206342523
-1.7180804294640668
-1.4690024968234432
-2.4123215860285763
-2.3662300569169767
-1.893544378330202
-1.72400112536125
-2.5491480812482346
-4.212196577629126
-2.1895810531213393
-0.5495898300870801
-0.01132146143684587
-0.23659149729138845
0.19680110785726054
0.6952999025143147
0.5917583786717413
0.7471890893868871
0.860553826586721
1.033610353579533
0.7028718836800039
0.5318817106625093
1.232934226489857
1.2767523610805247
1.1723302031259542
0.9509037173696546
1.2485239713705958
0.5671665405618707
1.1146400492299335
0.7782894253878663
1.3117674384267457
1.2917295657803698
0.09900793753353215
0.8311566239873798
0.7356513902783208
0.8110581908317138
0.20559871351699582
0.7801380687814867
0.4416131205818466
0.584079416447143
0.8885619508279032
0.6649503185859087
0.46738945073190524
0.5675921010703533
0.2311396185155504
-0.02502924230713635
0.1604379806565667
-0.7555894193148491
-0.00918220028461636
-0.22183503732429566
0.03523417642102364
0.33322925513900387
-0.3223918277804169
-0.3222568779800746
0.28778751191345564
-0.08891470377493005
0.048926052097597234
-0.2444730361904181
-0.8432720427347948
-2.62504849218492
-1.2272337131949156
-0.08236775740872881
-0.14001928394243718
-0.28622774673702833
0.3712951950678794
0.39011611253290057
0.3914278417689901
0.46934655299874106
0.32000745588298724
0.6440889898622155
0.8716988169896236
0.02027495873872892
-2.2742238188951287
-0.5551485348213674
0.49157596923008745
0.38060729487652223
0.6593128123759731
0.4782820378781557
0.03550468074495311
-0.016535409893905784
-0.9653706832546824
-2.021317420867341
-1.6549818325567818
-0.9906278470899774
-0.6089702623411077
-0.7790790990085783
-0.023730801220793907
0.012342439583185677
0.1521313330185285
0.5974365009713349
0.5123319232875678
-0.8978351098888522
-1.9990155262414302
-1.575469783017498
-1.2281987927407318
-0.9028845450907514
-0.4445294253064536
-0.573572840049873
-0.28503737999834694
0.3050277456740296
0.7241934814416335
0.0941052997517554
0.5242850892019413
-0.7753711305770215
-0.04439207089513758
0.07600278769366291
0.5111839785043135
-0.41501087651212204
0.06538356420387209
0.17969864047539302
0.4385643526557884
0.8161726279571266
0.3143641107726879
0.05003484474605806
1.1711450714950105
1.1289106289804591
0.5713570128825294
0.4262489723986226
-0.14701953547290553
0.6779747672804448
-0.16338410058697778
0.052238916308985583
0.017336793072935813
-0.1451291537504379
-0.42948534954803136
0.06968645537976191
-0.5455325783602791
-0.713284032222439
-0.9240877453856953
-0.29903739144416625
-0.7749180503940889
-0.6779937348250968
-0.8705852210290788
-0.46932922054063914
-0.8141497945327607
-0.27207678135225327
-0.11413311266965132
0.01998258826048499
-1.1066590341522042
-0.2357090643663628
-0.4751492118325065
0.349162529682756
0.7357883491870629
0.15629030164382907
0.4268301121007189
0.38497701686369756
0.768603249978816
0.9147082999959939
0.9836373393424822
0.4199709878340254
0.920843049497053
0.02030119119496676
-0.6323824005686953
-1.3603260718714743
-2.087665961980931
-1.1581839941047807
-2.4767689656440366
-0.29456392378829577
-2.626680515585426
-1.4476555734423375
-0.33044467257237825
-0.44773984781394277
-0.15606328230080252
0.3275190794593275
0.2974686484372824
0.5764125634118593
0.6276144929669658
0.6003115634171374
0.594022076712249
0.423824337722748
0.5301552650474608
0.8343399539169307
0.9309149148360301
1.2304910112334542
0.5878501877857234
-2.2756615932217983
-0.49037852419898403
-0.03756128815362475
-2.6006394565828197
-0.236023327686888
0.28459366860631086
0.3269145768601099
0.3948134603805807
0.11546813662589894
-0.25159367618340234
0.3003217122273077
0.693102291704289
0.39692486186943926
0.19272619383720105
0.16352910076346697
0.1631431707556736
0.9284452484945136
0.878070295235243
0.2713105988776371
0.8497884903552471
0.8632292465371865
0.442926501992048
0.618337935438817
0.5224212716161805
0.3561016499354803
0.000892045124696858
0.5475120811587579
0.7080015185082795
-0.5576580740471553
-0.21587797660103647
0.2543940728824517
-0.3092867643822758
-0.04734906095525698
0.9007055532221353
1.112094781550369
-0.16869992913516824
0.3036294731174891
0.6922210485642355
0.4759020580406575
0.9908441986642955
0.9011221357514014
0.5401153493922275
0.12967117906427275
0.8669761942361447
1.6473622449666843
0.5664007676976384
0.9939716979657698
0.900459402720071
1.018014771980266
1.0885373841671042
0.8246292831291615
1.0252834076811355
1.0001330838244735
0.3237145293087602
-0.1569224733206716
0.3226566279408487
0.6803632388449068
0.6862830511481446
0.8163389325859949
0.28676796683463224
0.7743930562331909
1.0366037024805614
0.7530424670681124
0.8440484124489815
0.8339109034035364
0.4042515907955288
0.6166967923723494
0.5048332819311212
0.7971391993006274
-0.2054799513864966
0.4887025763581773
0.8120763777518614
0.6304084097517613
0.47513360150202494
0.0771828527803467
-0.6732620097057103
-0.022073390817696853
0.3044285522342061
0.6181078003631519
-0.17562168952890106
0.22642430868618954
0.02299459686046837
-0.2644462335682768
-1.7709899572807217
-1.5767912208023163
-0.42256137050806003
-0.16106431888267214
0.46275666302859736
0.22612927200966204
-0.359390969664644
-0.33723255937619173
-0.047697326703694476
-0.34803437334980825
-1.7793152532022585
-0.2821003665353812
-0.005456130309279578
0.10390439466109469
-1.1952463962945201
-1.297236073802624
-1.4480678431699296
-1.046517283597863
-0.40661675092237
-0.9061401795055493
-1.5629576330773707
-2.125724714503271
-2.289579026297199
-2.0048052297872307
-0.8581584269361562
-0.2541903832260862
-0.1030911141402884
-0.252157273268098
-0.32774855999095753
-0.9814892800455046
-0.6857774857005448
0.1123351631097454
-0.7633782503203335
-0.6518422327653237
-0.47833490028335185
-0.024000298764181804
0.5287557651101538
0.26171295113452037
-0.7083086662188824
-0.35107239739569807
0.1971917333319037
0.3773590844022781
0.4910585708638964
0.525763918458515
0.47069275955400314
0.7514497836881593
0.6662985001765036
0.3332330677394074
0.618260353968613
0.25308173713854865
0.40463192436969053
-1.1712745326317637
-2.067542158466314
-1.351238026921352
-1.3240417619639928
-1.776721625455794
-1.2443725089422875
-0.27180883517321497
-0.8260910777798705
-0.5926131714234504
-0.6050213231251569
-0.5909931937955617
-2.280032634830235
-1.3535117383670696
-0.5878783982711571
-0.24095701925991958
-0.14023977515220937
-1.368717752545083
-1.432921351518251
-1.1635141445311152
-1.8553503406150538
-2.245303488366659
-1.459366207821375
-2.6099792119331395
-3.6451942250381277
-1.5314168957262801
-0.14388388846986633
-0.008126289235339118
-0.24688761429787676
-0.34746228763919823
0.1569948118993926
-0.4485095474079926
-0.07527348161509959
0.48316717673406334
0.6494451118515088
0.3852008767115843
0.7835554082617624
0.3750247344362551
0.6666052976541608
0.5308477524385886
0.31458511951266677
0.5333386534431728
-0.04421337569824202
-1.5852775178606715
-0.709374449370789
-0.5341378998445474
-0.23766602289908917
-0.24638599435243147
-1.2287931656623756
-0.8578629082421547
0.3087327653223898
-0.30292241014914517
0.5651120611259667
0.7802965324242273
-0.2616100848560913
0.5106888076413664
0.5966133770941824
0.9113362611365072
1.0924540355122607
0.882588064947319
1.0164631293776718
0.7630374998955811
0.7311392080027435
0.5105308597840879
-0.21140416994980965
-1.6045996420931163
-1.0609034708703577
0.1569410701155442
0.7087881449543874
-1.623745184011603
-0.7252496193099081
-0.5532201936838226
0.14954985940306714
0.33677980966287613
0.47142226062050835
-1.654503312188554
-2.478101067852374
-0.3124060888174374
-1.8171998337502135
-1.191443003605341
-1.9779001690029536
-3.4310284819747925
-1.0280645098050973
-0.5866049557799502
-1.0434582677395745
-0.16852381080757045
0.5124763188207437
0.4305170554938092
-0.04919752993944959
0.3825916968310804
0.4439264346632162
-1.2143006225848232
-0.37485734967866546
-0.10148513111599233
-0.03907248730479518
-0.3915157138708893
-2.0402397817474665
-3.5138732767772187
-2.276537246917301
-1.5909164691202624
-1.0215616840808335
-0.3560543034075164
-0.4243726282128359
-2.3507345092985967
-1.5082802996386782
-0.3142171964668281
-0.1701397443194826
0.1162514449651807
0.42293182951227176
-0.1774350293430481
-0.9297926031665664
-0.9607322661639028
0.1602053150691817
0.6764628628934193
0.3458837069851093
0.5739692029324671
-0.10852645071538983
0.4585219530250631
0.11865446411416697
0.4131395387546967
0.0006719331673243067
-0.3487244768277548
-1.493488758385249
-2.284860143048731
-3.780550462806097
-2.8510087378817284
-1.1859481521051476
-0.9022403325674071
-1.8960106223334379
-2.288958314251243
-1.057503836505301
-2.2182465958345507
-3.1282996984458316
-2.002040329599487
-2.9146676063779333
-1.9995110350972463
-0.5018627837185343
-1.1484072680560777
-0.5684952588997654
-0.5634143598357695
-1.025115622180144
0.13725397055748945
-0.2655431307436848
0.5413596932202853
0.7994412749785316
0.6638168125599653
0.1882809019786476
-0.292030465929358
-1.3482993243442933
-0.3372388708960676
-0.17285136527672612
0.13857625478019198
0.13405812802445494
-0.3108082705532251
-0.9761849480809868
-2.4909937697014977
-1.1701798048980605
-1.42113216928178
-1.2998903363977894
-0.8508002188083208
-1.2841206237913996
-2.2843587828467165
-3.6832076022129794
-1.4525972861996939
-1.0329737540479857
-0.7220733167946776
-1.9318196206000138
-1.0511094872487743
-2.230000529521728
-1.8630553505555016
-2.194295532180121
-0.8760973391114604
-1.0805162121246532
-1.5608098628119067
-1.5274198153697096
-2.0758479759743484
-0.7567336895619714
-0.24098654051394125
0.235474104826082
0.28117319863204876
0.3071203736145969
0.16287485609266505
0.39241466141333
0.013367418709131496
0.20075993537174175
-1.1261316103750283
-3.2575662367961
-1.7668529287996046
-0.7183844840926652
-1.240735970503357
-0.7966813247273976
-0.7245524492603752
-0.5150356488972754
-0.8258424427320725
-0.9506915352150991
-0.8443715963917164
-1.6329804822411413
-2.9089657774116247
-2.7292693872194227
-2.1273578851940584
-0.8191020909099163
-0.5508876795256823
-0.04452736528097018
-0.2656340277316589
0.0223833300123496
0.09445483632134138
-0.5474922229799168
-0.023405218290377255
-0.024265161117761197
0.4167376698756266
0.11451117485517073
0.3851599233456354
-0.07660808319259613
0.34299783402905376
0.397303581398256
-0.12649937488628332
0.20006875292095627
0.34490855286719124
0.42223233837942037
-0.5174817677454981
-0.17388382648491507
0.1849898537959087
0.36495372347088506
0.3595997560160199
0.6449554649535134
0.3095138429231057
-0.15167275722973655
-0.28072488853768335
-0.09438649170199712
-0.2349058805723952
-0.22121691573189217
0.4323158727772319
0.5084399867009131
-0.290515682376075
-0.7165494580534297
-1.9328535426273843
-0.14823878282375402
-0.3532376792571356
0.18952426330476765
0.2549925171645733
0.03755368412189897
-0.526654050977009
-0.6864568954789134
-0.8077410168667496
-0.17670388631898354
-0.3963609689916027
-0.15252958236347586
0.123050082343511
0.34963756607502455
0.3804722730607188
0.20341238813343615
0.3452513389825069
0.17506000133243488
0.24849732687391457
-0.008711981401954227
0.14565056988549568
0.1720799954037256
0.3209634583950266
0.22433633609186926
-0.3038465423005814
0.21028763449729299
0.39543587512850725
0.12851745797811337
0.11921066949073697
-0.014877047011512046
0.3029652747474268
-0.2594922557926677
-0.13554706959179452
0.2231999220147227
0.004343923975278746
-0.9611308476840204
-0.43920044030418787
-0.382132023851308
-0.19690697317687555
-0.15669400392011285
-0.1057713385661545
-0.1330500738405882
-0.029286511904489665
-0.19024331638970465
-0.49421306429296635
-0.6135670527393857
-0.32069391829667354
-1.1673106547501593
-0.17545535603361295
0.38945567777423845
0.3599316259252797
-0.12783486900970126
-0.43825050623451084
-1.1806650472885099
-0.4610554092436308
-0.19662124922804125
0.012411951356113365
-0.24993475905145285
0.01795779903088976
-0.48112905014650015
-2.169794714979117
-1.8488309205665678
-0.7224194904478711
0.016408601796984668
-0.055718740245158244
0.22343635806893464
-0.06703050787826095
-0.1392089191804815
-0.26023851013394433
-0.13446434795852502
-0.008209536593624278
0.008551369041050194
-0.5876006963445559
-1.2313317635553493
-0.20306623577588756
-0.42189272521382953
0.042776171079124986
-0.07643159567051955
-0.398584627177412
-0.14158348629941414
-0.07674844757883842
-2.034632249613984
-2.203701162872685
-1.7728313103752131
-0.21771650391248065
-0.31720795539519286
-0.26853473173939124
0.21222742052775165
0.300276212455665
0.4006047485984436
0.13905282702315142
-0.3803935558143126
-0.6232650061686782
-0.1957393490474852
-0.8887068694983744
-2.4175633074518803
-1.6834108846162774
-1.5382440912126405
-1.0487667553252435
-1.7300826184249676
-3.0732396962068926
-1.7105409133784901
-2.8685981719470712
-3.144253798931465
-1.3746029908994466
-0.61404913242908
-0.060286394346619865
-0.03650779306809132
0.23241258022820965
0.17147847018570944
0.13077510827699987
-0.702236004747071
-0.8393737854634231
-0.17483949371840196
-0.046379538362002426
-0.3326564272194438
-1.7636704065352855
-1.3255975701116642
-0.29580331953687306
-0.07755224923086029
0.32590347237817985
0.25005833337727373
0.24083919067601633
0.5078211179377214
0.5935595758411145
0.7251633767450336
0.6541166475679747
0.27917348158229444
0.5203620501274975
0.5615696201917353
0.745739048607178
-0.06411053736087799
0.31510887590014314
0.31831271131502514
0.5566475261819142
0.37079756425568966
0.25878132340419047
0.19157372848789317
0.46970200360054354
0.41265787981709384
0.10848983742356742
0.4915368184260404
-0.011077519632278932
0.09020457019095511
0.1540785117577838
-0.03996376883422967
0.3046385998825226
0.5567365750828067
0.5721279833152185
0.07750151496508488
-0.44283566222049836
0.08650531601177995
-0.5594283534390059
-2.0320330221811633
-2.7676469923250364
-1.2360006573710471
-1.4472190957552975
-2.902976787946119
-3.7772519311197925
-1.086087062633857
-0.24657298397692534
-0.3886532439374946
0.07576337760397928
0.2538400385656535
0.23032257474298218
0.10964966120774293
-0.9078765594880298
-0.8876236597745881
-0.2182365506969577
-0.1317712111454678
-0.20498689897664218
0.004303962149612983
-0.4724551040309523
-0.0369951020119233
0.07888776239380244
-0.7998218098462317
-2.0175911713349994
-1.2049820819601555
0.021692485565685773
0.11153933250232578
0.050079157896182835
0.328418966678621
0.47525049437656014
-0.13370807169494914
-1.3696440054631653
-0.43334147836385056
0.06998144148452284
-1.2380850627420783
-0.3421852482481395
0.011893473606903154
-0.2506249652566151
0.14191397647592507
0.11323358078442572
0.1073590241186386
0.39634742898105674
0.17817154752815537
0.22057539247718172
-0.13690878964244435
0.29853561259924954
-0.024484239971700017
0.015569969065222608
-0.15222603441488564
0.13510592101638735
0.3353056885811101
-1.3324549221580793
-2.488520125316964
-2.8676286923693617
-1.2526266869583174
-1.7953122063890372
-0.3919769446295219
-0.49354042870336917
0.0057759794130735065
-0.032082196811578756
0.10590311745955935
-0.15875551522817882
-0.0335024884842027
-0.013173890350473366
0.11069946261280683
-0.8620372791479569
-0.3009773189869121
-0.4172768650722481
-1.1701339542939488
-2.3466757503535325
-0.994053836734706
-0.40514603856252746
-0.7488536412423856
-0.5212407289004519
-1.8112030275802733
-2.481316418651308
-1.668001130823792
-0.4216899032097688
-0.482564924669925
-0.11125485328786089
-0.42390191972814734
-0.23219468563208417
-0.22593305182161388
-0.039857610124770904
0.08528388797078446
0.15051274784505203
-1.3139699578923085
-0.3239043492944682
0.09292296682134282
0.035330721643900206
0.39583164062927
-0.25838497688426765
-0.4087747519918549
-0.4839413502858208
-0.882957575933975
-0.5057606861742625
-0.5099255301260524
-0.5650187078462723
-0.8000386872264591
0.024665095728442332
-0.3853133722021464
0.18794935748459488
0.5893717680710786
0.43713477022034575
0.9231230056808237
0.49600913990009826
0.6722170331450577
0.3777392349326238
-0.0720964408226607
-0.20550454686225045
0.018057302370813058
-0.6142895634731036
-0.012329618381053675
-0.139751608085059
0.022604696073599745
0.4041811062389593
0.2691911002044445
-1.1913439134995147
-1.794260319855842
0.06307776728775877
-1.2832881188715635
-1.2262456998098314
-0.48004400846521406
-0.9942346679762697
-0.6108178621662532
-0.11269951173532439
-0.07009050914305795
-0.10961377038018602
-0.6379371224391577
-0.8541787976575519
-0.4926785167512296
-2.062858255578285
-3.226484090753014
-2.0619744456573543
-0.3733178502944083
0.013978403445107992
-0.15569316036104114
0.2929878910525825
0.3062946180684297
0.49536653610079934
0.46746108816694376
-0.4759338718861906
-1.2187748684069881
-0.13781088298622057
0.20339122829562997
0.24877205583234474
0.2188774678826022
-0.8311521131057669
-0.22246964106406542
-0.3739107824538392
0.14211363445769828
0.5942683053512154
0.09724769962363206
0.5308555337196489
0.3522613574302317
0.38371071977076526
0.050150196307788275
-0.5760883614021164
-0.27135267611274416
-0.4823160415748588
-0.0030569334369146828
0.08658518396077336
0.4987511657293962
0.10670687427156758
0.4766693035560379
0.7092469054879751
0.8320756500196325
0.6931878610285764
0.875955602387698
1.0050597218874562
-0.31470243867724385
0.6291108444976603
0.46304628461095493
0.9267160072941405
0.19593724455151326
0.21535698616140111
0.592944001007289
0.21705021415888698
-0.07683704194358526
-0.19336168667757048
0.0027743454195038875
-2.2774148683509945
-1.4954469456898616
-0.26801463057846275
-0.2787231156683882
0.19965263467961308
0.46944479591692045
0.6470636026792769
-0.9766457159625233
-2.391803398733362
-0.8136394794806656
-1.2843070595194257
-1.6811759834248516
-0.5052320941372122
0.10721901869331218
0.47685496664072485
0.2870409917326182
0.22086532929794317
-0.4210556627483935
0.08638392991715091
0.2638212776020683
0.15336797531132276
0.2667724632377198
0.36797480716281084
0.7045331075091936
0.3370675985513898
-0.20801730339965524
0.23641587118899945
-0.9064418536332965
-0.01994042919576805
0.3015976555784946
0.0451553342867857
-0.6869906834397892
0.17522001306086954
0.3621368193788327
0.2418435232459322
-0.3166279348102893
-0.9287694840194327
0.6006181219117634
0.8103846837483246
-0.27957324355773755
-0.48761966277522456
0.21310190183899044
0.6745569979779618
0.6692820900226988
0.4347758730741067
-0.3172035983530213
-0.039065199538287326
-0.06748247628509008
-0.08670636890648536
-1.3432292661080418
-0.1529917091727519
-0.27450838429558366
0.1695342651965434
0.18917953527885722
-0.3321641027018546
-1.0458696772246805
-0.013278185093956174
0.41732347007787035
0.49568785849661795
0.4319391553340706
0.7862807787791128
1.1502849541866125
0.06899060733053947
0.5670101005610637
-0.18712590186075012
0.44532902603327845
-0.19736094449363223
0.8444040192503113
0.48827454927558134
-0.346443498524494
0.4035420620442727
0.3321453494895088
0.15791693210773372
0.43750672132678353
-0.09471637136726002
0.9847315546314288
1.0993041030773458
0.09327046712092185
-0.3462339131444219
-0.7683111962728344
-1.0353173492173313
-0.6254765742588628
-0.7084575710936245
-0.024892339858733487
-0.05294209402479533
0.26179279854376775
0.23542934601998922
0.05105638263726278
-0.43433588583951915
0.3309451045874818
0.29441062257697614
-0.1402771042351585
0.45718347857751673
-0.0642099201735643
0.5585543452625985
0.1439713761875986
0.4469250834765364
-0.2957084664852032
-0.43204115689751194
0.11714684238698365
0.1837185858701466
0.2919713930842946
-0.02444979604623959
-0.17132408455820286
-0.03960707569273908
0.4428241476695927
0.41448777932463465
0.7738553486263446
0.6716159063171494
0.5045594622048584
0.7446415227432401
0.70329780095575
1.1839516176490599
0.6826100072471073
0.8232383936089875
-0.6823420174637256
0.3028957897568977
-0.6127885318759843
0.009747051972155002
0.3867872850935306
0.6512085752347396
0.12715905808208705
-0.3652859982789797
-1.4583880189374818
-0.6395297476381598
0.021233451685248816
-0.09184815749447378
0.17154134199005497
0.2935625583204337
-0.11259325617902777
-0.20024550961786064
0.08307407064894473
0.25281173041571875
-0.32454791322019916
0.5418088793073919
0.3898426046766917
1.0765124377316644
1.0544375258181589
0.9529373135797885
0.961475189838588
-0.03440699707733158
-0.18300798520533484
-0.10545657196551736
0.1622051759805307
0.18841562685206192
0.48628124394357647
0.7406771111933292
0.9868518973426641
1.1515724824039921
1.1666664943827736
1.1168280773380441
0.7441506954792312
1.028622737739225
1.0861806853499056
0.9509074370741317
0.7501396195866659
0.7424465445737827
0.5080221804934669
0.6655623287810377
0.8282948909380652
-0.25337573511215244
0.09914476892714003
0.15437608112633766
-0.37820118309196343
-0.02627902115594935
-0.2950729039536818
-0.09282876164985182
-0.6661804044223973
-0.03735416331771896
0.18933961717582348
0.42724499893530854
0.40790514146579804
-0.010497985619837474
-0.003954832299193578
0.22574090331959024
-0.15629150553049054
-0.8346867301510721
-1.450085633269603
-0.8804105616796953
-0.7152791905415934
-0.14570128947176653
-0.04765797593393098
-0.20047295086499545
-0.24225099150385904
-0.2877457134357378
-0.03574087431788467
0.1394557794051524
0.2180088600786751
0.4613405725195408
-0.03161075289014073
0.045368193872687035
0.08592127498193046
-0.11866272191787985
-0.08126010226535196
-0.5169339410775633
0.5406207228902264
0.7123300935747143
0.6756770417855928
0.6585540080388368
0.8475846300665644
0.28574866313737557
0.6861525171558478
0.556901508336237
0.8152987560578537
0.8338099096796188
0.5888671444426148
0.6457417623057435
0.6367284828379354
0.5728467363623521
-0.10365525500265399
-0.20594099031418656
0.15107920871055475
-0.04923330589248717
0.010392236834316615
0.30659810879247684
-0.9790630298584593
-1.107584091186861
-1.7672545505514246
-2.3469647029017597
-2.2755117452249696
-3.270992631975331
-2.03838069166414
-0.7462561037730226
-0.09051721458564504
0.229691888470277
0.5248059166272565
0.3455194020702891
0.5816336788413852
0.7038252637139457
0.7816285608474438
0.5614765396134391
0.403411853216247
0.35395990145830775
0.2154880307375867
0.529175137917465
-0.0452735368059512
0.09445752065020235
0.5573629453386231
0.37495757862580187
0.10385664411932904
-0.39830691303598237
0.04045079933476023
0.0769629736407392
0.6385373623277522
0.5588451227339839
0.6140826720292429
0.8205450020922342
0.5610790854185974
0.48279140681195337
0.6983318746409166
0.589950258705503
0.20931109947829182
-0.13156362389082082
0.18709012198800395
-0.6895178883879125
0.07806426918171772
-0.4730843533591577
-0.031533705793660716
-0.7631056326416883
-0.10912062939788872
-0.5391217538506252
-0.6214111405393092
-0.6537661084782822
-1.2496505152822996
-1.8459569932853521
-1.4831517566778336
-1.7481413527867111
-1.2714647141058995
-1.4361236372636415
-2.342004153715152
-2.6700679341097846
-2.884004704835873
-3.8319186108927896
-1.6635110370687114
-0.7876517070607383
-0.11936486076406028
-1.4585404667245763
-0.32957412370334166
-1.588077820506212
-1.409112534618252
-0.670853288901629
-2.189701050734085
-1.3239098696397615
-0.47944062066312526
-0.10949853219586392
-0.326774291108524
-0.6005097516870306
-0.32432214296591694
-1.221037570487778
-1.2241384412014595
-0.8066029211194821
-0.8140051133246069
-0.981772423862685
-0.5081363530283007
0.01411962793007715
-0.12675009324150494
-0.18625556992161213
0.0706147497057138
0.30582515175528274
0.40088583389894644
0.10422482602598065
-0.015134821961197809
-0.1365542974974046
-0.07376284096683322
0.04861214149840287
-0.04052712800876579
-1.721547935409235
-2.0051280097670294
-1.0836233862776614
-0.13865438817961068
-0.5016720281157458
-0.3384726733338786
0.31362558016605535
0.24976089670112184
0.3822815299878561
0.23864683432705341
0.25019935479898175
-0.649240532686385
-1.3043192471187097
-0.10453424174214382
0.15344382695314124
-0.9087393991956021
-0.9271352462003895
-1.2553537216436919
-1.976237352334145
-1.9744983294406746
-1.3077230140665763
-1.435503376347649
-1.3608448138104077
-0.9607597150140277
-0.6335684705481364
-0.23670956723123016
0.11945711728231878
-0.4902937268172299
-0.5600948092797675
-1.1392214795537197
-0.5901391057615355
-0.942465436954256
-0.04528136552711476
-0.09781953628714718
-0.6873174657204553
0.12475932994541222
-1.200132296654053
-0.20029261468532084
0.32125408224322083
-1.0441207274615654
-0.8673574889166078
-0.6093466976012287
-0.2367995722415544
-0.6360874567627883
-1.6413386621913233
-0.9959648802391718
-0.5889680045830699
-0.3740318954998078
-0.6822591168328309
-0.13253074892296607
-1.3193032125623088
-1.7932315324428436
-2.675125069634044
-0.8039026287317446
-0.29260657176758303
0.11146778727421316
0.48439752146607346
-0.07652360473294881
-1.1343777449678725
-2.0605212659698076
-2.7932108103579836
-3.7757078045898447
-2.0501310861324664
-1.7222002369008262
-1.3629472154250029
-1.692771793542147
-1.2188901568375392
-1.731176807960089
-1.2740434721243363
-2.0185382373348353
-1.5956431489298206
-0.4960871027508423
-0.07509820680782003
-0.2741589054052967
-0.3863290681517169
0.044784965242411406
-0.9241945187744824
-0.29862835769984636
-0.41380404057530057
-0.7789997342670152
-1.1535577195306492
-1.6079028432895857
-2.607113436558191
-2.595314048412373
-2.6710119198093225
-2.765626669207027
-2.30371826421733
-1.3550250271349868
-1.231927508699402
-0.7138180794082478
-1.1004351785405928
-0.7969844299329865
-0.474234021974468
-0.35307004499321476
-1.0474326191600918
-1.2130920155642146
-1.6926695849809268
-1.857017388964392
-0.9793156527180613
-1.2006717388297623
-1.5978046986206726
-1.3761231653510182
-1.7865638068887972
-2.3530099251526986
-2.178439353363513
-1.8383953963659967
-1.3575088421348398
-1.8061925670689105
-2.3391134187647076
-2.188025852588325
-1.091034679859671
-0.9814139151546071
-0.695059648665066
-1.1685032674787703
-1.856446548592108
-0.5291900944213426
-0.4033492318986241
-0.3689318793150308
-0.31152561932250894
-0.2147099150707079
-0.024312775601148084
0.39422252672143193
-0.13289566523238172
0.4948484125581461
0.6767830221290203
0.6179029704883165
1.0477221531021357
1.2031677177973117
1.0527660724375378
0.7685403886689843
0.9120029641176342
-0.24423504138211777
0.30914222331594365
-0.3156538548010486
0.40269118933701636
-0.03758646813598124
0.247505360608572
0.28714925983719713
0.8556527834888323
0.5427997575436863
0.14300264839124188
0.0017802808687377158
-0.738943182786002
-0.11862968263588203
0.5452793854981952
-0.14080302869376804
0.27296334808683775
-0.043754731371484584
0.3524326395852902
0.5970846364523985
0.748732946409707
0.5178519265726845
0.6489520440495353
0.7862944762005128
0.7750937190894511
0.38516490506410495
0.7191881699588845
0.6386930345962039
0.5968081269978254
-0.43802992088213316
-1.2404929586138178
-1.56102704313897
-0.6838168115200325
-1.05070733840224
-0.3078218085442837
0.21354509771840452
0.31071022341753335
0.333530759174235
0.6285787192005137
0.39539687622482816
1.1261124624980554
0.7461096898781949
0.5718974762422664
1.0546660003430832
0.8336579769503187
0.6891112873737861
0.9106052881235496
1.1284069950462785
0.8235325939215759
0.35043749151051723
0.7004487627122877
-0.6647984672500116
0.08499304233534655
0.43285802724468864
0.5288290557180666
0.22363173293014071
0.23056052295578872
0.1558986851322225
0.21907551956186955
0.34659875837446485
0.5157546798903625
0.3225080387728968
0.8990876427501933
0.8221175691992026
-0.16953481897355244
0.43402933736334953
-1.1868568469677057
-0.15541548063695076
0.5151619252027047
0.47934452773570674
0.402250789929205
1.0252621688354935
0.7318152712515145
0.03150759160472813
0.5145069200923857
1.0204652731455082
1.0783129502897884
0.4948518533443625
0.04728823516809362
-0.673432403890512
-1.9187629630673129
-2.2660481891742825
-0.38501726867295566
0.6463130419365941
0.4091334964927939
-1.189125162569966
-2.0752500868293295
-2.7451213728242023
-1.9405972769801785
-1.5285511212460703
-1.3892926846612035
-0.9847282692824104
-1.2746716404693537
-0.7505569862519565
-0.33421312570603484
-0.4777065411082539
-0.14983161255982475
0.1409290549263531
0.006654238419058545
0.3698010484507635
0.21295130591097905
0.465660591938231
0.8151311846222542
0.5502672752850584
0.7096377202706883
1.14017773334625
1.2622236678255538
1.054046248775742
-0.2853327536254399
0.13431467053710466
0.08221053224741517
-1.2947803687650594
-1.9818380574263224
-2.920963996772114
-4.237185954544763
-1.4807531843835613
-0.377137354627541
0.2360786227526273
0.3369185582373823
0.458129453578559
0.7305108191788612
0.6698775610432801
0.4752136077868877
0.3501509382057877
0.6924324799671899
0.7712558771221814
0.02290809952685252
-0.3638203738951905
-1.1425809049799922
-1.7099392984600317
-2.1041301523868943
-1.9501434588973299
-1.47439253355573
-1.0750638025372292
-1.0547633867592465
-2.1273009579548887
-1.108858677676807
-0.19194467732923337
-0.0077087615960049205
0.9042990757664315
0.32508429147454165
0.2317044676607833
0.31393760670663384
-0.001916937892762427
-0.013929486344977093
0.1697177111427628
0.30669697014438685
0.47466633104945505
0.4601854563766417
0.07223605701117947
-0.4705839084352574
0.7047917266416321
0.840532769731718
1.2793258835235624
1.287849673370481
1.463990364045582
1.5113829067432922
1.6202920782158188
1.4342308859871362
1.846453688239615
1.6420160906496195
1.5854916448997565
1.7362832293323849
1.7091632485505308
1.5224651139505003
1.6074254448884833
1.7368159965692207
1.9248351227684355
1.7453861778932644
2.1550748401314572
2.2125275554886907
2.097419836424246
1.5348060510705732
2.0773356628007633
1.7799350791190343
1.7176019334306203
1.7388468976739326
1.490834950008124
1.665100218473673
1.7162718736754228
1.7973458011594392
1.7366004430815558
2.190483381305398
1.7964083792680186
1.3545143941863012
0.13621483954893918
-1.5405061040950856
-2.643727499824786
-2.5700455938468183
-3.2678390615285107
-0.06104848572227023
0.6506944338050591
0.2689461452806349
0.28628414897778265
0.6787183401797243
0.6812464704951711
0.7765198190819589
0.7551286708691034
0.08821694878812353
0.3709666785788858
0.0112774172516662
0.3657932727988216
0.7020646804221877
-0.18248604907893412
-0.5212013503570951
0.23042675781026783
0.8865647519153574
1.032790857312077
0.5639672152184285
0.6989266122817692
0.7109475542342281
1.3316315268630736
1.1944919543650787
1.5667319942938656
1.4771791805068566
0.7342322248779865
1.331341691370545
1.7413479906542002
1.597363746181345
1.0742120435760585
1.0136447705370717
1.1423177629660017
1.4129201149031483
1.1817815815755663
1.2938418080545437
1.6910446687918892
1.5277906700238504
1.3961892356131633
1.6634750496954547
1.5028899999625631
0.7082476503818385
1.3213948391375152
1.229922431783649
-1.172245473043432
-1.004172442050193
-1.0736466207400375
0.0537793759191271
-0.8819625075072075
0.4177167688458413
0.4241140119483581
0.6237309103575921
1.1829595350986415
0.9927710012442625
1.4140656087708996
1.7269084441738147
1.6025109953303722
1.005611311702797
1.0289115941827682
0.8062565203869709
-0.7014193283115508
-1.258486960778096
-2.4643029770942086
-2.3292618096261504
-0.11620464634987687
-1.9523069337738284
-2.2126698484202088
-1.1247125027594034
-0.8666751920428417
-1.8908215237198218
-2.9958389868409565
-1.7523985358915437
-0.9650127689397703
-0.6855159678360705
-0.08086083351288603
0.37567739573682973
-0.142976730856819
-0.43772125122931477
-0.5450437615429151
0.3640932669665065
0.6856625465566051
0.9370467850829354
1.1984344009917702
1.2594376737257322
1.3076999190426166
1.2058331294130493
1.287127540060876
0.5565266575473784
0.7931098981857019
0.024823537808396093
0.772169320038645
0.7213876771214647
0.6851885311623414
0.8163425514335965
1.1281476755933755
1.286235471121389
0.6257994882044033
1.5493058998787077
0.9924930939930434
0.9485893907247358
0.5829656519981303
0.5169889999085548
0.5282228026183655
0.5104738087394163
0.2552350040392761
-1.0715494019756768
-0.7566741222492168
-1.8799291319544278
-2.1434433132470296
-1.1527176678565554
-0.7482840213532087
-0.9643866519926358
-2.358603743839436
-0.6489160401371317
-1.5368959098356552
-2.0004504069007294
-0.4636016393923917
-0.24530981728574203
-0.3568595509157653
-0.38570380291803513
-1.0451354362048224
-0.7863005959303715
0.06337301384467928
-0.9460821437853009
-1.268701292901419
-2.073997255458128
-1.442462803838884
-1.7511206211306403
-0.6968238349434575
-2.585453027545108
-0.9568472272499307
-1.9247862314301398
-1.678969057311553
-0.022597282064973523
1.0658859751493752
0.9564707919891722
1.2397308073991318
1.0901527805545783
1.0356742943447987
-0.24694271139352036
-1.0704287563783763
-0.37550601717183923
0.6897448773154464
1.0597541120175409
0.7988564276677785
-1.200760736846845
0.023979720181501574
0.7376604245169336
0.751073054729611
1.2162774422163702
1.0981902817051177
1.318139641653528
1.2289190783465107
1.204961240618483
1.2504351189331266
1.1983915249546606
1.1168777122394824
1.2308633577756267
0.6800653237289724
-0.1957089479802544
0.1026689528032462
0.8071097918722745
1.0551255469803056
0.4677993611910137
-0.22213317223916634
-2.889126765188778
-1.4294440843903897
-0.44603011113476915
-1.3436653000896779
0.24864149582972023
0.4198809827529205
0.5010743032449707
-0.3312741999560912
-0.15759033363876168
-0.12860505536977335
-0.720748007373764
0.3485170592344878
0.9515896053379256
0.5096925515285124
0.5417443942664655
0.9358415694512436
0.8402836701418375
1.0453960721825069
0.3423629399761727
-0.8578024043179009
-0.1666781508165236
-1.2936268844343388
-1.915815616639043
-2.3986511306846428
-0.38045242653768546
-2.0019113468235896
0.08999160322038069
0.468744807499801
0.9122312938446004
0.6862140748332484
0.7129209969126751
0.7763796357628865
-0.030557829865050345
0.7788996640619317
0.9297362120139903
0.13683748614817642
-0.8549725966551147
-0.23588025843235055
0.3809297188292373
-0.2001829634415429
-2.1947393863846747
-0.32069446553897857
-1.3045566169895795
-0.04812270652338199
0.5717218513107085
1.3374648560189464
0.9694491422354161
1.0933945473122675
-0.973986972943895
-0.18932763713361728
0.9901646103778496
0.13269829354159962
-1.3924610189509685
0.14806405863936556
-0.23760473562431728
-0.9920066500429789
0.5725645456039257
0.31825157069612153
-2.113376455299811
-1.6898741278110836
-3.1365757736267463
-2.2445063877334213
-0.7967959061715002
-1.1784211195111431
-0.4382144421161965
-0.49292218277805594
-0.4091584522490495
-0.3442654160950163
-0.19686305890912742
-0.10268495930482369
-0.6251727882654927
0.2788210848561023
0.0006168554897602041
0.39705494013637826
0.4600491543517929
0.3177460476802547
-0.3382882287035413
0.07932260474567904
-0.4432116304641777
-1.3073640239386004
-0.06770149481209492
-0.5135643487248105
-0.5379288680941139
-0.1441906454722292
-0.8131611792636151
-0.5072520970032717
-0.006916772721728998
0.6294030737338445
0.9343953438029957
1.0094446448165313
0.8442811047989587
1.0301326718626556
0.3687883860616217
-0.057225678122614365
-0.02444395149824785
-0.4393717033784937
-0.031205278339281384
0.23512036705383474
0.38223817617381184
0.02776371302841943
-0.33041254311592644
-0.55028924367355
-2.2760510529436613
-3.4958014332186123
-3.5774611441998676
-3.438669496448964
-3.304060583430943
