0.33290985685618046
0.3399369140003816
0.0662707717476259
0.08977955664786967
0.46670190166675984
0.25548094508369923
-0.08470691639632874
0.15066101981288632
0.06167324299488805
0.37785218648928753
-0.436959332395109
-0.6083323212287739
-0.11433931520950524
0.36376922499657827
-0.07733105959668055
0.21505195508186484
0.5623614764390898
0.4639962514198439
0.41334337576877356
0.6554926286141349
0.806834666654556
0.7050326503629216
0.9257155469393727
0.8645532878152851
0.93868768415216
0.8724649426168306
1.098500403104702
0.543525195949012
0.5013196944997919
0.4505870162169384
0.29951391220378204
0.6524609742189864
0.6262290994500375
0.8206348466945013
0.5941288440596507
0.4255079580663872
0.6853821405698302
0.5343797857326947
0.5584660050835432
0.567267279472211
0.6562437453198592
1.0040055582666405
0.777618991248389
0.4801212660548212
0.44161343378575435
0.17135392531218588
0.6259274071624525
0.610096874727376
0.7792686755947905
0.646531853402833
0.6013229969321058
0.47686301050732816
0.06359822608215077
0.4645862878663988
0.2177085145943496
0.38448143132390944
0.39041592671426617
0.13404426562043778
0.7887408696703663
0.6684046856657133
0.707484567406645
0.18384208279766323
0.12299805385454556
0.030846209112778883
0.33312096407127445
0.026315824960269088
0.2185025290975589
-0.15559051244262465
-0.43307857908240954
-0.3870610184627713
0.17816613734869383
-0.26897004016763626
0.1023934024890238
-0.022545836895388388
0.6393911081604046
-0.0781737125706587
0.19485748489443389
0.5369892441840751
0.9146372209678224
0.7713465657437941
0.6615209442780657
0.8937978531225836
0.7869734344200066
0.5149650424084696
0.8552542247647423
1.0929144464395855
1.0798089114982556
1.048794696444031
1.0414339060710391
1.1480437535549486
1.1365957874796258
1.1395251964606075
0.8708705807343793
0.9592165508147297
0.1341935721103942
0.4172852582960471
0.6792952344273834
0.6371910206319276
0.7931067497843678
0.6667524726507543
0.662387855725282
0.7446793542515735
0.8996884339387358
0.6047853215107913
0.7648309320447682
0.9934573012879048
1.0082358748433862
0.9509705572340452
1.1325101936171886
0.8155844419774088
0.9579825832997525
0.8805010844976469
1.1001236571522388
0.03973361244309065
-0.29504983031682086
-0.3548294469600882
-0.3467440460895691
-0.19741713952686765
-0.16514177388004433
0.22980948552339814
0.38837432603873956
0.034808936905568924
-0.22854552593524644
0.2218532438920198
0.21230936292416952
0.22165517580937286
0.49723738642008863
0.712959183218139
0.9511893392221669
0.600585153600888
0.9714721011835675
1.2785571210086417
1.1126587034936783
1.1320174350196917
1.1480337943041075
1.4620089396859648
0.6307161113994593
0.8321432483152975
1.1952838695158465
0.6040467018587418
0.6979771658712951
-0.8898368210176573
-1.0722954418072563
0.3511378480982232
0.5098369027182287
-0.9500575660606867
0.3874025435515096
0.3827559654424748
0.47870278689523704
-1.9210991883962751
-3.113071653969033
-1.6181413362702477
-0.9621158504017608
-1.77254631736879
-1.5677254921371142
-2.5153949895348076
-2.248642830148136
-1.8057230908713753
-1.7550077630844003
-2.6724858602793806
-4.276301851584236
-2.1042691725689506
-0.47986568419327225
-0.003652934067731206
-0.2786044104587069
0.1459444397901143
0.6782198098700456
0.5564374451765739
0.6779680003240541
0.8553708367486441
1.0235222035534446
0.5657555441727212
0.4862656229581599
1.2017388618102534
1.1882513557838656
1.060585974938153
0.859670221478952
1.1881250149248062
0.5002640134888439
1.0065932448599415
0.710992913979587
1.246611778562524
1.2662889976692298
0.008093734065663799
0.853371324423482
0.7244610279384444
0.7315066014815004
0.16494429289886084
0.7645546148308551
0.3883646861216056
0.5470154192686282
0.8792806753469705
0.6158260327871063
0.4377851937340579
0.5442136461818623
0.21817188164090587
-0.01949199102285995
0.09286209413081595
-0.7442429437951776
0.07589541569499095
-0.2437310557599273
0.06192237012874732
0.2634282942436547
-0.4466995381560067
-0.33374663175199404
0.23962159900998214
-0.23651950719974688
-0.008334383042417931
-0.3157228285474135
-1.111626319960051
-2.770067454272969
-1.128520402834293
-0.06314638637539571
-0.17919840816674268
-0.2856498641387536
0.23348726074207915
0.2778995557228625
0.29578704755950125
0.33773154795526406
0.20830002046493015
0.5400353113885824
0.8227279630832273
-0.0986851864142646
-2.3047973179534287
-0.5854332661406081
0.42554399828755873
0.2943569710245907
0.6276158352765742
0.431020851398224
0.049909149425546806
-0.07443549708621902
-1.0976511615212463
-2.1280259925051443
-1.7523315467540344
-1.0117171609668563
-0.6766836827460785
-0.8108404441342691
-0.07098923039826335
-0.09896905922128857
0.04027557105933478
0.47377572045162497
0.3923602528503056
-1.0374817531326326
-2.105006333791629
-1.6285394910097124
-1.396773392228248
-0.925005868598771
-0.39285412852647306
-0.636080559815307
-0.32838444605053974
0.26224413108954303
0.6851190718328931
0.05890884383038569
0.5403645957240567
-0.7985840617047655
-0.047037583812744005
0.05998693709598488
0.4599760902382859
-0.38184253205116436
-0.007468927650844087
0.15595139096153604
0.3998822562823371
0.7742512895114184
0.29947774107958947
0.05397535129170719
1.1777326421532017
1.0822097770113115
0.5109707415441868
0.4174074847182887
-0.1416951766205984
0.6809096023376258
-0.1558306670479099
0.009752879019408522
0.005792830947149066
-0.20583951504433948
-0.4710044185787612
-0.04491479209113167
-0.5172283756538243
-0.665399822574726
-0.9195858070819856
-0.29614321972905355
-0.7747014623755287
-0.6906012088610138
-0.8823446317275516
-0.5185613587122935
-0.8512480367674342
-0.3513177912042835
-0.1452061261026719
-0.1071057861416829
-1.1096669751202983
-0.22820955514934585
-0.49246361585133125
0.28967821490972256
0.7145804821525519
0.1061930461865093
0.3745202464604833
0.35936641501934974
0.7284593153322914
0.8808684750489735
0.9698817245468339
0.3565051259792025
0.8740331508262353
-0.049549584587839895
-0.714899217553467
-1.4021666598936562
-2.2030245541946614
-1.3162966404608054
-2.5244248522906734
-0.2358172483295576
-2.6087019137881184
-1.4603655688862296
-0.3512371851075029
-0.4654410238180545
-0.1838883027520399
0.28975296395496913
0.23509943279861198
0.5067143803029986
0.49517266524207526
0.4878435094892044
0.5289472197079743
0.23071249303010322
0.430496497960704
0.6859626300078495
0.7316624258778643
1.1592807486631271
0.39863525941122224
-2.321891783788091
-0.5416135589952097
-0.2557658103353059
-2.74519047774504
-0.35300352196578155
0.14040441337133605
0.16922250019188692
0.2560497615849284
-0.03191573941342479
-0.2789129164052012
0.22101725154118132
0.6654143390758387
0.3234443617975121
0.11487046515835143
0.11202259826507811
0.12252963986651669
0.8897577988994008
0.8378209508008092
0.21004049485147566
0.7619662342958164
0.8435365232766018
0.3146211925446733
0.5790399322262876
0.4493823740417764
0.19102619106204438
-0.12112957506589936
0.4400454742939316
0.6108244318635819
-0.7193583411640023
-0.31453218621773515
0.13042384000008728
-0.4062209618073661
-0.10931632524386048
0.8259851551477436
0.9646337714409541
-0.25902795006636126
0.25264529856008533
0.5476537314805443
0.4117397117531133
0.8673952845216107
0.8334239163259254
0.45060360204738703
0.05080207075817021
0.8148881626467791
1.5606252147016397
0.5318884202714138
0.9590144421237456
0.7712356552904303
0.9706384136687627
1.0129688384778919
0.7304019940227396
0.8972609915528518
0.9005767233139607
0.32503873921975857
-0.22077023351446598
0.26075732346642033
0.6550320756977659
0.6411247189286516
0.758171522687977
0.23513586366966424
0.7434166552143198
0.9697949736511643
0.7200179597946013
0.7909623988808426
0.827599868915317
0.3361836921690209
0.6127776454727133
0.5201351117867138
0.7856198173505021
-0.14318605873137188
0.5133605009408982
0.7855690196883115
0.5790433770546208
0.403057499298886
0.07962653789027097
-0.7414620575506289
-0.007399963844289925
0.28872834341940967
0.4969960203788447
-0.1205204461095043
0.23860915202939517
0.03775050612206973
-0.3384933511883773
-1.7233163329333194
-1.5524684594628664
-0.40300489594284883
-0.1327497003668365
0.43336981453728807
0.20869891745434377
-0.4402381348013714
-0.38622983363825625
-0.05095185565235624
-0.44570864763758844
-1.805587806955202
-0.27724679682774156
-0.06798133508987714
0.09844220394130872
-1.1931131329049411
-1.2319100751615344
-1.4546778341264155
-1.0385988486326838
-0.44116623178056935
-1.0088381137085556
-1.6718678645803755
-2.267612988112942
-2.300060080302334
-1.8921011195053612
-0.7382142869841766
-0.20785353617690103
-0.11393931654456263
-0.27514876597537963
-0.3450796521833035
-1.0454684157280354
-0.7073283978040015
0.014264964189960705
-0.8138203251386582
-0.6654745038030898
-0.5130717706842292
-0.12521389509149045
0.512377205678199
0.17818444687658153
-0.7656865203850587
-0.3494945625881898
0.20596686644852635
0.32353479343784675
0.48598345780853325
0.5373109782480827
0.47325501692355976
0.740271206218324
0.6663601409055225
0.22407341027277491
0.5403315117507952
0.15479217508312795
0.3667666533211852
-1.3239210780511943
-2.187900269707443
-1.4127211505861565
-1.4249455114761673
-1.9102258629703857
-1.2390034481625993
-0.2832508493882453
-0.9223530855021693
-0.62344710496322
-0.6459114589395653
-0.6958916938777581
-2.3017443763920387
-1.397139289954649
-0.6178674227239599
-0.2601507034215491
-0.16193827130611801
-1.4263055542922478
-1.4444238209301026
-1.1545479490971366
-1.8815455243336967
-2.234325012625356
-1.370448918294049
-2.5407651426599918
-3.440836727145315
-1.3225743902039624
0.05115916708307468
0.16770043158553016
-0.16190142214154404
-0.3426357885746788
0.17026370548396777
-0.4571175555409148
-0.08210010026733752
0.43208425843459874
0.623087130702662
0.3698159349167549
0.7948671585204419
0.3627438060295771
0.6580599224441106
0.5104992572787671
0.35054243431456455
0.5514909594772305
-0.006177608921633465
-1.6099805279935901
-0.6429938083534487
-0.5059715451812942
-0.21788939573259727
-0.3110923037919602
-1.2969619975208657
-0.8516805559822119
0.2864295549768121
-0.36835693889200094
0.5164963296339671
0.6429030244305348
-0.30771342830827575
0.43298217761241986
0.4905066754945031
0.9005377671232644
0.9957982532007327
0.8913362411331298
1.0072719490372115
0.7820381335528588
0.7066272986604025
0.5845579736483462
-0.21533969477830409
-1.5208278252961902
-1.0598648817350116
0.21984237524417197
0.7668886792647758
-1.6182004332925908
-0.7496507783147434
-0.5415638388216999
0.19557520389100014
0.364468316125602
0.46823130345898734
-1.650153727524388
-2.4704814453944857
-0.22097581277564463
-1.8094801301154726
-1.1613456991587319
-1.940868756110343
-3.4494015334460126
-0.9750897281877531
-0.5554866264740563
-1.001707582326927
-0.15055761189599567
0.4563805362785832
0.4617965411789766
-0.04460642671172799
0.32783288996819804
0.52094210579417
-1.2715648226123686
-0.3366256503261109
-0.07160689087639033
-0.00709691392999659
-0.4404048743643665
-2.169387154765714
-3.4350260449778443
-2.2274031545355735
-1.4654709640516022
-0.8128905695566934
-0.209479086466874
-0.3142293978931765
-2.3540387116817825
-1.3434831791973356
-0.17499205923767044
-0.1034650938169355
0.1259103627333555
0.4933628950090757
-0.3429587123054989
-1.0770500773795793
-0.9319561797398803
0.17635223660989716
0.6636092120381307
0.23379226975937015
0.5427353105181435
-0.1710196271271889
0.3838903878809208
0.08084110386869989
0.31569763791026983
0.015054695022725634
-0.45751631795364966
-1.5357322162421254
-2.349468627545562
-3.7974280458635254
-2.676349761686452
-1.0496481974231542
-0.823792764571817
-1.976074267331817
-2.2643779036468326
-1.0422384473271646
-2.2502320424196975
-3.066885333288971
-1.9647778120671802
-2.8448444350289113
-1.9177595174204367
-0.41865221637576355
-1.171932494810877
-0.4513321971756362
-0.4864657183116674
-1.0168358855405633
0.09267673784878469
-0.20870776240399583
0.6205058432963719
0.7916614341526546
0.6316554645169769
0.17601710282938388
-0.2662839214528405
-1.3462064646586098
-0.2997590887185395
-0.2207240530888687
0.1471301511740701
0.15486111366365482
-0.30386538614224934
-0.9937196191031177
-2.6127711869610937
-1.290895095529985
-1.5236470654980174
-1.3843217559688026
-0.9358880924797557
-1.4245509192431554
-2.5387028496339927
-3.771741477195797
-1.3632822709685606
-0.9059937165458112
-0.7417523302046349
-2.0094602615958297
-1.1008902318337783
-2.3156088651550006
-1.83812153947758
-2.1302827018340014
-0.8222168893242667
-1.0887846986064418
-1.5754930434419079
-1.5552659231221504
-2.0220527432899735
-0.6242770845324468
-0.18411437358521673
0.3292766767177784
0.4189630255109379
0.3774698573876184
0.19550491133972767
0.466607470685526
0.04347129115891102
0.28051357739887794
-0.9259283502272291
-2.983629114719899
-1.7659572101776002
-0.7326965322980118
-1.285020026007347
-0.8563198764621385
-0.7425326056806086
-0.6437698166235548
-0.8277282857383301
-1.044449022284854
-0.8551601703951415
-1.702903826358946
-2.9937315301458782
-2.781160258510854
-2.0670727042559554
-0.7238407844833735
-0.4799061582972117
0.05267686438691846
-0.20910964428272236
0.013645592924102709
0.112206419050902
-0.47857608235891
-0.032651958853856494
0.03451989798795729
0.45430168364333545
0.15439504133443532
0.3670836257754598
-0.042263394318889314
0.3621539635515846
0.3788811370927181
-0.1142922369362129
0.18054163925949357
0.3262972699245121
0.4143149094017885
-0.5074319387045686
-0.18039338713916261
0.19873802526633083
0.37113281670097353
0.28926424362873226
0.6346645892090699
0.24871295281682676
-0.24656080183760412
-0.30341487396951916
-0.13994972542590253
-0.25304622598518367
-0.23777156578820266
0.4238616056021962
0.5203271636384464
-0.2534997581173021
-0.6471638790236451
-1.9726600312532978
-0.21794139544515176
-0.3447180879316071
0.21556785310847223
0.19318276580593496
-0.005138539716866591
-0.5759298185337929
-0.6263581212484902
-0.7868285471740596
-0.138623466161346
-0.3925350030817154
-0.12125986339096151
0.18887785393036244
0.36535914514485873
0.37627838294290383
0.21137007460260632
0.2880440978618204
0.2100350075557907
0.2645125385388287
-0.04274760555976109
0.1784118946729945
0.21397900310811319
0.37718977507113716
0.2741051256520932
-0.24898043103672515
0.2961431157363833
0.4700175320393052
0.2439169511062819
0.20615791217069926
0.05445900421594424
0.390759767343586
-0.1199271153342426
-0.08896476296849537
0.30734121534437703
0.042056482982955
-0.8622250855771908
-0.29379268762287714
-0.3471987815163873
-0.11912381551007789
-0.08751589320624456
-0.10763933922147442
-0.051642894112065185
-0.01532538821422974
-0.1249549694975127
-0.42241927756402475
-0.5439302812441748
-0.31001327355082153
-1.0919530812605398
-0.11627927000748497
0.4128234482054991
0.48518390069031647
-0.09913880616296064
-0.4297665316994582
-1.2138755621516226
-0.36804169410260945
-0.1609231241070164
0.07612352524425745
-0.17121305934969974
0.06735401971057929
-0.3989095013359891
-2.1444502674469286
-1.7767957524843585
-0.6561481472370205
0.06741893310937841
-0.010763902302143025
0.2756994423343879
-0.09099205551556669
-0.06886065665258637
-0.21481751647982092
-0.09023186354001331
0.0021569250491570297
0.09075223022654585
-0.5352341514749156
-1.1570915078186519
-0.1346572637082911
-0.3660136928527279
0.07657894554656944
-0.051203801367384144
-0.2655752917040385
-0.0629497861659401
0.01562758110324916
-2.0464794228400964
-2.15084511880327
-1.7258641483227442
-0.10586658868428644
-0.2514396278889004
-0.1914889371319922
0.31275453128338226
0.3766144432955736
0.5003625729449345
0.21162258949623144
-0.37879842718184875
-0.5349504566494452
-0.12291154426513615
-0.8605691888612998
-2.4272683152748424
-1.5805428140324262
-1.3936513867104765
-0.8651447775134197
-1.735026994340243
-3.0300903132947363
-1.6081234836268565
-2.7389208504714833
-2.922645563137384
-1.1439193705098687
-0.3497536660386278
0.16162645559415093
0.11717533604394012
0.33855626393428484
0.23602033477233536
0.16857921484486454
-0.6273652411262349
-0.7335385533629879
-0.036807487013528456
0.044322561581766895
-0.27796688157288363
-1.7599559697819331
-1.2016496499088918
-0.17392052046689185
0.04004924241973673
0.44500474590507155
0.27548599554083786
0.3111888642719851
0.5633419933545133
0.6287318736032992
0.8197267205791355
0.6956492041697202
0.3338832486907338
0.5755347481895018
0.6009173761328426
0.850311990542004
-0.021745513844331626
0.44628439593082614
0.40160538666604195
0.677429367999056
0.40458673609867424
0.30555305433361873
0.27953408075321484
0.5304359507304945
0.46844390478057174
0.20666906862934453
0.5769331839302787
0.09744624385355237
0.22371047836430005
0.29353118402032935
0.08059219196010944
0.4198130543263131
0.649488544197221
0.6760364876732535
0.13606501309693572
-0.3236986616559959
0.23965569654437055
-0.4883858911431429
-1.944687354686841
-2.719318651320894
-0.9724665099527556
-1.3327873979306977
-2.869188998089884
-3.5672314840117307
-0.7706431399945165
-0.0236218149133742
-0.23526249214084907
0.22365301584765518
0.3327968347835374
0.3222883683937372
0.18635395330851962
-0.7879603859210418
-0.8014893898605941
-0.09042115308098081
-0.06570815654531567
-0.1483242753503787
0.09940265826052974
-0.4564361740294969
-0.018619082567809336
0.14602400302538163
-0.7002550922375752
-1.870759215188435
-1.0459033422986692
0.15395073785190005
0.30531333208423117
0.1935823725886751
0.4987995056625636
0.6402855036886178
-0.02024307606507278
-1.309602741653426
-0.28455372337425855
0.19780407370041186
-1.1351902094627297
-0.1825842148704184
0.1254315537807757
-0.09638952911153256
0.24025488438032577
0.2346589907729353
0.22241805364388964
0.5321336555700917
0.30571112717232857
0.36030897909293114
0.005822336025890634
0.3587662696293631
0.13935733533815903
0.1478782015860874
-0.06878427908045529
0.2397212522017033
0.43838785874122776
-1.1960469262820546
-2.3762790781126086
-2.649623014853847
-1.035634859603849
-1.6525704673924506
-0.30588224018373567
-0.3601702631399979
0.07969268630550344
0.0610785825403459
0.22698344188012476
-0.017813832387037765
0.057438522450834445
0.0905946695285865
0.22401700067335978
-0.7171294232734675
-0.16805078697391287
-0.34653063236246096
-1.085981703714897
-2.2659967510608015
-0.8387034887560194
-0.2960305091129781
-0.5676089569147833
-0.33649035581600506
-1.7465313715467603
-2.2779225468178628
-1.5070827286989155
-0.22871575881793957
-0.34695610888168504
0.06039094042498752
-0.28500563259356193
-0.16704795789962448
-0.1329316053687398
0.09803898626553906
0.2603335177917492
0.2437992647227944
-1.2598542336499385
-0.23740850646601672
0.24278509953190658
0.11241415997066323
0.5031907646409987
-0.17546774941457974
-0.2991600598959465
-0.320540235285363
-0.7543744731688243
-0.35793497418028286
-0.2473364015290571
-0.3643861921003697
-0.6314291339583492
0.1951434881791922
-0.30514945337567845
0.32217937962988796
0.6647272987004846
0.5079787971250699
1.0201732124299214
0.586072014338567
0.8142899416526822
0.5176831495688711
0.05707863015516512
-0.04342252370981778
0.16345078445219025
-0.43997809348452754
0.18133431920429716
0.02200997530108663
0.17157092802550208
0.48817405111312684
0.2736024349520453
-1.1696186513330395
-1.6858286600542702
0.2839067246665613
-1.2730965202075735
-1.147642664794978
-0.4065924788452362
-0.922177269161417
-0.5427467644039613
-0.04389132281837635
-0.023306284390736204
-0.12691492212302172
-0.649643713284352
-0.8053912950728682
-0.39781192457186954
-2.0577231712130897
-3.1182156434500095
-1.8772276914375612
-0.17391488990584855
0.10018106632772686
-0.11235098971379642
0.3553046870266587
0.3368221536015808
0.4573687494540273
0.4288483349397819
-0.5263354189290195
-0.9309870796960047
-0.15994529086410478
0.14666214212915865
0.19229019424167917
0.24832656924673452
-0.8644819326449125
-0.17714594162008399
-0.3031448664718296
0.1444395270809741
0.624742482957328
0.06583961844758121
0.5262727516298552
0.2695987916575562
0.32707100927315236
-0.04426627542381914
-0.6474989201774173
-0.3208300224834817
-0.5291965345030974
0.04295941778618975
0.09366865409893252
0.5648675339718575
0.10774269743235429
0.44160549773760727
0.6971289533439461
0.8369780200532367
0.628037382551209
0.8636738896578456
0.9152003732486332
-0.3052918828494776
0.6215819446180053
0.4494383144601861
0.8476238555250826
0.11232064417146101
0.1932000012433412
0.5757855009863515
0.1402894314535745
-0.13830204507160174
-0.22374031628548005
-0.12604825547051787
-2.353176556712433
-1.4097135900333932
-0.24074903982756599
-0.26853228724058675
0.18274166118496007
0.39096329016679554
0.6038374354110349
-1.0713581374753078
-2.306416266573412
-0.7671290825238405
-1.3949597583003692
-1.767380927103858
-0.49728116402326816
0.1064307923618139
0.5324352734810196
0.24375539121278103
0.17199605889475256
-0.4959679943536278
0.12668696203113708
0.18722322185809256
0.08643740709173833
0.2553639581677347
0.29859798636760904
0.6687873965698876
0.23110886033708763
-0.2750913607663831
0.16366758609230447
-0.979810298463704
-0.1109484370428778
0.3144083506264338
0.01173039028060563
-0.7886446886131697
0.17972430619335472
0.3339930107766097
0.2766273354200641
-0.3756440652818407
-0.9327947102423013
0.5567864666677201
0.7596270270673169
-0.3093813602520412
-0.5334465738631007
0.1571435827563096
0.7008291210793551
0.6474170020096022
0.39424414313678635
-0.4084274905921167
-0.050155015834140615
-0.11408996533178747
-0.14570243390604085
-1.36275156003894
-0.2888882744219293
-0.3330784714313856
0.16669351085120349
0.13133430652884145
-0.49326949459705605
-1.070960448942085
-0.014202162983834171
0.5089276455045488
0.5547193329322654
0.4052633203374728
0.7593754032762332
1.1748832466651309
0.033733609440295825
0.5278379619379024
-0.2086777318333837
0.36079977343772734
-0.2267685938281321
0.780992816549014
0.3438665744258297
-0.4337579480255722
0.30788412887323713
0.3010547511548505
0.07927326042158703
0.36799099703729216
-0.17373094175565737
0.8917556275019456
0.9838702294437641
-0.0483950767276399
-0.44942876271894405
-0.8194663117810848
-1.1274497186328671
-0.7436583704745948
-0.8242305805674021
-0.061018342524819
-0.11171024927391585
0.18250493092362566
0.22395373065078023
-0.061971125160775464
-0.4617777847578176
0.23033170143227305
0.21357890553828363
-0.2240312321682527
0.36692486640142796
-0.13521912437329706
0.49128640064412865
0.04180560991289298
0.32269314330505494
-0.3866382303054392
-0.4416397326435184
0.09017373004736057
0.04792964710774697
0.18558020428904703
-0.16984621234990147
-0.30446017283490956
-0.17085677008638908
0.3227719437069888
0.29362573589915075
0.6862753814405351
0.5254420090992747
0.295855564129923
0.5593486802963474
0.5328262476388768
1.0917133276442526
0.5644608026000961
0.6788594556986813
-0.8769945673653821
0.1332668087534209
-0.7168888095647665
-0.0947226964029492
0.215498951169302
0.5490585276969389
0.0121553524349612
-0.5032405536568199
-1.5883150076185606
-0.7513765504218622
0.00940397568162335
-0.18157309648602568
0.12047057556606774
0.21753243104137657
-0.1694524828996262
-0.28577457911824833
-0.007599292797135199
0.11467166690572778
-0.3932802271197532
0.4258918509274472
0.3107709294683558
1.0020005420203468
0.8471374074987077
0.9386991345368806
0.8170805547550444
-0.13887297160740666
-0.3665606883876098
-0.14681604894508385
0.06562002906135829
0.014147727304171381
0.379591081490534
0.6009388362657841
0.8815754032057712
0.9890384225066368
1.0548665953774143
0.9759550562446009
0.5883334721224405
0.8582809485972837
0.9216334094486808
0.774357503306344
0.5731762444581471
0.5873028650707435
0.35079234411357363
0.4470257801916101
0.7094813037493591
-0.375398953067416
0.0059756749853338426
0.061658250486446325
-0.46234168365872996
-0.20817412188988169
-0.39648996428647243
-0.16684704863196778
-0.7103613753680161
-0.10205050376272137
0.10451678071784222
0.387331479084561
0.28035097143031984
-0.04259953294622931
-0.03256314503609886
0.1327474301631665
-0.25536786678594925
-0.8302468048764794
-1.548075053588861
-0.9018286156602497
-0.7900432611142152
-0.1534457388747771
-0.13939750701987877
-0.2456381328879421
-0.31080063564715377
-0.3707985918984035
-0.10097717322385816
0.1058462374789291
0.15885402789056557
0.3871363449320441
-0.17798791774413283
-0.0351137386498547
-0.039150444562906395
-0.21856552685161587
-0.25476837829900867
-0.5913220407513082
0.4800748842701388
0.6325473471996924
0.596859643909322
0.5213702313748665
0.7675704738393068
0.17309729406268923
0.6602767381374455
0.5188920475618178
0.764908624666025
0.7851110553496413
0.4992957031744003
0.567521355404983
0.5503987290016275
0.43189929320168363
-0.17460558674308999
-0.22650844953888846
0.15907861632105125
-0.12117488684760741
-0.08060427593961514
0.26203368175779385
-1.1135856398723685
-1.1962750102210349
-1.845933822517302
-2.350406470065891
-2.302404588227608
-3.2001028535572082
-1.8946653822487824
-0.579614608926029
0.04539008578332379
0.28144133622998246
0.48589404427937044
0.31638554026961174
0.5062162741896358
0.6499788279180465
0.6987431067505
0.46266587259190484
0.3981042318636969
0.2769241859731114
0.1497483712085339
0.4752941918645376
-0.12361836706520704
0.049714931137238655
0.5074230216652004
0.25600067678884597
0.005815447389575679
-0.3819002786800052
-0.03515951835176942
0.02328960397829516
0.5895275956175872
0.49611823214115003
0.5423609271227622
0.7463055407913628
0.4622945163315335
0.3970767841656526
0.6371775155449092
0.48306607350979147
0.17709258971029357
-0.054794536934845844
0.28091168180325576
-0.5572733092035977
0.19410477328522882
-0.33997006904751015
0.03134762581574435
-0.6410576429272838
-0.015646067292694688
-0.43259133380938253
-0.5155094738001197
-0.5386128770294727
-1.1289586171151276
-1.703884865220572
-1.2590898568961746
-1.61385925146382
-1.1815356272151927
-1.364794172340632
-2.253341031167992
-2.5548387549054286
-2.739418472899731
-3.520500306411605
-1.3860339934586636
-0.5309876264424449
-0.08177750445223864
-1.3781687195100008
-0.32759547181402326
-1.5094732295898654
-1.2403279621460999
-0.654855634932573
-2.166802883610964
-1.2826957730519821
-0.4606207789893848
-0.031226516920543235
-0.23302437625321556
-0.4995449785941459
-0.2588137734229976
-1.1477264453348495
-1.185137624977268
-0.737942231763886
-0.7597721519941205
-0.9655975741925644
-0.43819485863794794
0.05233976848739108
-0.09859469643638799
-0.13080534219750953
0.14838879589794046
0.34726117781244986
0.44991526396083426
0.16004837423592747
0.029630575112977425
-0.13626343766026158
-0.03090915049070911
0.10426061745236245
-0.00016861039139273726
-1.7646491972846414
-1.9964316303232017
-1.0731139449478935
-0.23494478045921616
-0.5938809139631769
-0.3004646278968428
0.2851573518109362
0.26038065930806226
0.3090911643663017
0.21650068716323365
0.2342519483407524
-0.7166778114078766
-1.3244048914926383
-0.11202739808553305
0.09926480179515543
-0.8692248654494426
-0.9168402535976745
-1.2951923881006786
-1.9689878784214072
-2.018750840470835
-1.319858565036325
-1.4466689916390987
-1.363615182265776
-0.9743301435712359
-0.6821895480548451
-0.20922123390469702
0.14149308162279747
-0.4648538492599017
-0.507050278790903
-1.1066643518788002
-0.5578628440690601
-0.9361742169015177
-0.05681699694305545
-0.08571969974726443
-0.7061161433741161
0.0670046277927758
-1.1575133501070143
-0.12966382707564064
0.3376504190420547
-0.9550198175961386
-0.7511206943456303
-0.5808159393690643
-0.19934136575868375
-0.5922620047279362
-1.5804678399195662
-0.9065062939539419
-0.6333663272299299
-0.33911926756387856
-0.7100877711139549
-0.1528454213996908
-1.370091386156882
-1.800113402948532
-2.5836555557284036
-0.7100186433214839
-0.17980668215338044
0.2047601180164552
0.5447022297337124
-0.05807523004884657
-1.1107685537044376
-2.0420185253068515
-2.9074028279050346
-3.788067103752881
-2.00877337011457
-1.6787220278234924
-1.316364868321268
-1.6217908979506952
-1.088565886058942
-1.6795440946237326
-1.1872303553274643
-1.8121109703039637
-1.474186137268635
-0.3908619899755006
0.028879964690431664
-0.12875078823687527
-0.2169650127341329
0.151175238616936
-0.73003587665851
-0.19312054771009687
-0.2488681309264815
-0.6794091143811164
-1.010216479333348
-1.420534782398632
-2.447217317340783
-2.467311494110497
-2.54442489407452
-2.6624523657178476
-2.2301030994424265
-1.3040424865525237
-1.1921144932761076
-0.6336845296784781
-1.0332660498795805
-0.7032548142348678
-0.3946697694642731
-0.20345247742447078
-0.9385137253777798
-1.0801464188504581
-1.5780148915118657
-1.6779393773121043
-0.8102587034803221
-1.019044883506916
-1.4305137820435152
-1.2237647054404823
-1.61160600071778
-2.237327042828153
-2.0081945514670356
-1.6677394900770988
-1.1658793769149127
-1.649849463368675
-2.211377541414016
-2.0075406400757045
-0.969653114129587
-0.9069206069956601
-0.6226579783801744
-1.0632348051518754
-1.7171769788278295
-0.41701492855262035
-0.3024201649184509
-0.2154440674768365
-0.17626177872443374
-0.116963250906234
0.08667322300416122
0.5215887810761779
-0.05934560463477967
0.5598045652468542
0.7580201888995477
0.6807943939324966
1.1020340413322127
1.337370155814055
1.1505717475372272
0.9044912969920491
1.0129843471620712
-0.11792894796078199
0.38888381382680703
-0.18063347304253893
0.46071111552237676
0.09239815610282442
0.3837679305366857
0.3946523475894721
0.9235767468769082
0.6281328946335811
0.23304732709614343
0.10084115148980305
-0.6429742692179171
0.027739296284139986
0.6835021482085135
0.06666964097637829
0.4587696756095482
0.06738026270879069
0.4744691517109533
0.7046400898753449
0.8852503031699477
0.6449434766687159
0.7691200841052648
0.9262730266988065
0.9154244699753888
0.5013723540124957
0.8115064297469372
0.7236790614812451
0.5718800184672437
-0.3149578299315863
-1.162989425469905
-1.4330228440895214
-0.5745224824988571
-0.9754514953192714
-0.22202680748277706
0.2823658935320883
0.3616613724338168
0.410017319246179
0.7114440190860841
0.5443757817352589
1.1848712227696954
0.8186616905412474
0.6493536364446834
1.0993642805823824
0.9983970277530214
0.8028844348962334
1.0109327675280435
1.2263129089027696
0.9083515766776186
0.44962446632822195
0.8705284423010016
-0.5037144776956118
0.20851810612043542
0.6083773791398364
0.6359630014418082
0.3444423507919339
0.33018788462544835
0.2250642727284808
0.304452711987255
0.43003401621489656
0.5755813472876413
0.4256911502006755
1.0001657472255325
0.8245536378204394
-0.035642895193305574
0.5323634738410988
-1.1114288129820933
0.012852407228824442
0.6164600438804563
0.5630754908386657
0.5342460112236485
1.1264248901079592
0.7846114301502699
0.1501723929495301
0.6235152347687646
1.0776144057026633
1.139012464979291
0.5999232498655535
0.07640083657671085
-0.6473820196855015
-1.807715010681492
-2.194574709123023
-0.3027286134610412
0.6992061803866929
0.4928757685876779
-0.9922875438516086
-2.0466116402379413
-2.7239940005327266
-1.877551632549561
-1.4500925004183882
-1.3724509233934845
-0.8090014741552377
-1.1969796561128
-0.6317624345867515
-0.2233132653048526
-0.37508266709559035
-0.008398386992234191
0.26219200218053673
0.06730290140545309
0.5271827297015101
0.29196390930976335
0.5079135185271987
0.8639113658325623
0.6748393636741494
0.8336802173617651
1.2333346248158583
1.3460244247899937
1.0329800858035583
-0.23479503412695188
0.18086376349208114
0.051341925416508144
-1.275148742000451
-1.9907262768132126
-2.8830670626138377
-4.232430349104198
-1.4709983969871505
-0.31587176325547817
0.2882533816479057
0.40508777266390095
0.556456938473585
0.8687456825606104
0.7702062428036556
0.5800320194123589
0.5532532252543826
0.8022023469398465
0.9214784878589796
0.14782072372683025
-0.2575910294551733
-1.0038660665276582
-1.5773392704453997
-2.001673227082421
-1.8279291592436566
-1.269796476065984
-0.9956918061210682
-0.9535525119002435
-1.9470082636389183
-1.0227884763986814
-0.08702385605343962
0.09217620302099613
0.9391185100707162
0.3782718721728544
0.30419242300903837
0.26741708959500443
0.042394074595722614
0.15382243645740043
0.2356020693389516
0.4154820343470076
0.5192133694886589
0.5578815997298548
0.17332825637440705
-0.36774277516627807
0.8121148286701548
0.9587712031372968
1.3257626995565572
1.3481275821268104
1.4875129526010347
1.5490320504722288
1.6713936050332177
1.4303586987807666
1.8568388413047863
1.683223982494473
1.6257604374868506
1.7387326129301
1.780822370070984
1.5578103943029635
1.6378831093707606
1.7664527757901138
1.9614127634959584
1.8349852926538612
2.2186123751299864
2.2852418256077525
2.190426731535475
1.5713161236710287
2.1428479068988455
1.7766204415590476
1.7081155770100467
1.7545382374462828
1.50099235070684
1.6834396369291724
1.7426589301392679
1.8001519950320013
1.7969127324752376
2.2705231130723154
1.871568914418283
1.4352512849075487
0.19337936412561488
-1.4792132757063234
-2.672013067135998
-2.502808512672399
-3.2063200485195527
-0.08912261816642728
0.7476077603861793
0.315334830085395
0.36923689388796155
0.7220127423367824
0.6965745678868531
0.8684048368873133
0.8097316297745281
0.16421125847430423
0.4163768535760153
0.10800364996309822
0.5264985285513085
0.79521022927515
-0.06624763380078527
-0.4186656821255389
0.25790008915314366
0.9154214784703647
1.0376255939396342
0.5634843709661678
0.7394219579520888
0.6888163699501747
1.295689634595755
1.2131288133277724
1.562858257272474
1.4682555800551136
0.8508553270261762
1.35068995874316
1.7789675047340205
1.6045320634451938
1.1389695117845118
1.0435573691527178
1.157578112248128
1.404278881027343
1.203400148842402
1.2131594797403842
1.7524036243960643
1.53717226307356
1.4118555223300808
1.6532038218891485
1.4826702231010116
0.7577515992452667
1.3465294154132226
1.2274527667403785
-1.118159055371248
-0.9706673652130537
-0.9904716341067836
0.1194072222221566
-0.8101693351338486
0.4442375820763067
0.4064753670978125
0.6445738135790495
1.104950056218082
1.0158380893784977
1.4162421000805145
1.7581854931809764
1.609565429596286
1.0202650538810378
1.0643497454668083
0.8332554665199686
-0.5976243644479898
-1.1765938987322406
-2.405235764729654
-2.239402880773375
-0.10388972982657826
-2.0511831244045875
-2.2858440982648847
-1.1336163798064824
-0.8711675050748056
-2.058596197159605
-3.17019304708341
-1.683751837576311
-0.9329350134899301
-0.5848241173559807
0.05424139283608678
0.45056028670740034
-0.05403111580196138
-0.37641030287459754
-0.43929900941121847
0.41389796310779925
0.7555686317091797
0.9941064408684271
1.2732962831245132
1.3158567186178822
1.3558825336677387
1.2185720297829077
1.3425538307039007
0.6574621175605103
0.845996068609873
0.1480723982245578
0.8532421153202774
0.8006643903117827
0.7173714058311097
0.8712821636495021
1.1071192030759673
1.28699844951738
0.6829505285282114
1.5302555675581797
1.0362928812304868
0.977049092883793
0.6449003112967667
0.6041117652407637
0.5671872523389794
0.5771271754553674
0.3312282503574596
-1.0200415069906683
-0.5969593499815171
-1.801282696898556
-2.126953694304248
-1.1373413779741386
-0.6880609932685021
-0.9941955459275411
-2.311890651011591
-0.5848203239083417
-1.5509962474057428
-1.9813990877045862
-0.3816737327506531
-0.2038842091610987
-0.3289666126447497
-0.33631492621674297
-0.9411647645311232
-0.7095983315977349
0.11707837880121277
-0.8866619912741807
-1.2313045208237992
-2.049993944299867
-1.342533419860886
-1.7201544647962135
-0.7218749588213376
-2.47737744721051
-0.8504871983296469
-1.8204878134009341
-1.6530810195772063
0.05680318843122373
1.1646038529648142
1.028383368916819
1.3634196907577771
1.1570148201902277
1.1468036416628766
-0.04750646021376384
-0.964433944367955
-0.2521477216061577
0.757800896944419
1.1111583102024092
0.8716149432050065
-1.084062594191787
0.12048567564017718
0.8493820925703396
0.8756588415667574
1.2806828871195906
1.1818067426531174
1.3966721544918894
1.3093841605184826
1.3565499009396709
1.3976138918881387
1.3692380771915544
1.2145867042944902
1.3547907246998714
0.7983821158846738
-0.019972399709529076
0.2467058100714076
0.9319747666597935
1.1797243949389347
0.6046366233569229
-0.145100107645892
-2.8353486058113226
-1.3825128012666201
-0.39313463892084877
-1.2546668413289668
0.3481004887673468
0.5098763602657981
0.5771453545271374
-0.2172317769542201
-0.022390464964504614
0.00663096770714125
-0.5212924495972278
0.5267604933862493
1.0966405099236751
0.6093667123788614
0.7796363938935733
1.1259320890696072
0.9494044874331962
1.190840440265761
0.3614498443144686
-0.6454337671994841
-0.005105065327735775
-1.137740795710857
-1.8482514201779419
-2.25440792095485
-0.20814035880123907
-1.9540398639997931
0.2236869985167578
0.5694272299778399
0.9555325355181439
0.733508157280215
0.853091447177125
0.826183978782016
0.16211510734434553
0.7312379157618747
0.9265049633537241
0.21908258427177266
-0.6443351889908636
-0.08339958395741512
0.5672324865041215
-0.11147343920038197
-2.103613066298824
-0.14690444692526058
-1.233534700271937
0.14086410543211383
0.6702436185414827
1.4962879426584605
1.071590370039642
1.1356999383590687
-0.842164967353435
-0.0015151960074372972
1.2098111962680034
0.29751996523652446
-1.255901959596586
0.2888933911124364
-0.17999714063352398
-0.8818082917872083
0.7705656364926985
0.42666327298946416
-2.0099040332104905
-1.5454782477310782
-3.039900719788612
-2.275528571054123
-0.761604835551333
-1.2098137263551019
-0.5032004610020142
-0.49884076995605475
-0.3658885498954142
-0.31780107210713426
-0.13470392049965083
-0.0033806591420897647
-0.494183130595352
0.4012350671350631
0.1704812193571457
0.5562421628154902
0.6559308138766449
0.5316507748866246
-0.17674568213422318
0.29955748726880194
-0.30947846135157486
-1.150941414380262
0.07375271132374792
-0.3653374458137668
-0.3333628280928772
0.0403222668092478
-0.6702426418099381
-0.37308175314297687
0.13784667490189964
0.7371626274366028
0.9901133715102199
1.0947203799618659
0.908554318979642
1.0182939605056947
0.3181453110042862
0.13643528689460974
0.16461617652747454
-0.38689753616371003
0.04541888035227695
0.42738939338659565
0.5437898111513412
0.1633407331283601
-0.20478247191058183
-0.5037315641429394
-2.2322626868674904
-3.504719791206144
-3.6031013768249935
-3.477482423772948
-3.2805335751343367
