0.2851703706629002
0.24921394656653906
-0.06720004619087538
0.07394600315166272
0.28002756400285456
0.1917386271516292
-0.15758387446775204
0.2095730695732369
-0.07422744892557734
0.28667994354663484
-0.5753157104832003
-0.5894459609640168
-0.3348982216740785
0.1109597602530511
-0.09846198044834986
0.019063682964144124
0.2711473283718301
0.37480028447259695
0.35455233623495763
0.682152178668611
0.6583276120608065
0.6912102518983717
0.8751908070600973
0.9462671571164567
0.9033993790624741
0.7913418829172836
1.0096332761948204
0.5411752971817904
0.42156374820396547
0.2958014240585243
0.3178001251443091
0.6576595862765047
0.5079281209712629
0.5640924574100009
0.5592459828255182
0.29541673339855135
0.6259111806988926
0.4647220222704779
0.48481037626932943
0.5088899339155335
0.651469592614943
0.928098247377539
0.6587901231817216
0.4027350823039654
0.38549480561540317
0.11542456817943952
0.49249124249216103
0.701529659427226
0.6888609480899832
0.5233820063920194
0.38900171711981335
0.3156259962001612
-0.03405854196089139
0.35376924532913834
0.15735068662362972
0.32841190890763194
0.4046005680762975
0.10898862884204097
0.8016493949792736
0.5873299332909963
0.6862037143075769
0.1053337344170393
0.08006316147175369
0.08727303600229808
0.33763188334969263
-0.06645198103923017
0.1458897415903055
-0.3457468050064565
-0.6277276037118164
-0.37469122961358026
0.07875381032074391
-0.3885053195278383
-0.05536460290592227
-0.04779474049794244
0.5404213190630225
-0.15333935241408994
0.1863591672223895
0.5980832587841125
0.8191665262424459
0.7332651657324688
0.6649541447727945
0.8870717414156719
0.932159958914691
0.6009472891144075
0.850301941494084
1.0126945856508083
1.1526940660478482
1.0217363943140632
1.040170184715173
1.0988739339293299
1.2436707379335297
1.0666829156346482
0.8368191382847319
0.832892692101473
0.21229022271056486
0.38222674017247826
0.59168670264475
0.7882656968171835
0.8136140034845363
0.6899595999252637
0.712561301013594
0.6595717845590258
0.8117696093315321
0.6468627707438982
0.7793299060323928
1.0590713713690458
1.1936567266650153
1.0666710447540797
1.074751748484642
0.894593598428236
0.9086753347258247
0.8304632873390656
0.9356752743976025
-0.023745241565554354
-0.3552941276829493
-0.3747951937887926
-0.3769853303517987
-0.22646720731018835
-0.12865214596531052
-0.0013632811913314447
0.16779452982679327
-0.14755611467416013
-0.3317189831246622
0.1579779349895839
-0.024239828792245177
0.10326729000353052
0.3548693742485417
0.6105814625227035
0.8296716897713321
0.4529790718612178
0.962190759507058
1.272503677828276
1.193694848022077
1.106749790065861
1.1917900105205073
1.2681466194742927
0.7939726872714186
0.794814218574039
1.0648288396296328
0.6045890950325008
0.8261815504500853
-0.9698707111879179
-1.3719205852457033
0.16179022058880094
0.6328090215436794
-1.24009385233714
0.4353667738275845
0.14096672842125102
0.6144153590936052
-2.0562421700546194
-2.7773199164730813
-1.4992731133171753
-0.9582186556928034
-1.877736145527382
-1.784746288635449
-2.5238731073939458
-2.3519931722184486
-2.204193149411157
-1.9858819881970913
-2.36052121209289
-4.259105243276286
-2.3005435440625788
-0.6296063756813564
-0.15280244556163783
-0.31070704410669153
0.05318623594637423
0.552165944659932
0.44585975183665394
0.6678860743752083
0.7311234624390752
0.9048070350772708
0.7854282983583525
0.33047752934276853
1.0093276443727086
1.012857438854957
0.9664016841794738
1.0211890915346837
1.1761902847211991
0.5973606271979615
1.0272928274320063
0.6390030434369388
1.121511552995536
1.0417258189614456
0.04755530352051235
0.6205770023019989
0.6768883397778755
0.8175126089561064
0.10006728943760757
0.506478890748444
0.4017642699746671
0.5480201639965722
0.849964977686442
0.6924675602846294
0.36925624569183335
0.5420733361887519
0.11756704406295843
0.023140497610715238
0.12553251747063704
-1.091486429041281
-0.15294262296943395
-0.365776214387132
-0.09965811076465644
0.19682196779903433
-0.35871464287746413
-0.6274089095517568
0.10965926653768249
-0.2045455432692885
-0.26430435786548134
-0.57410971935759
-1.1615251930869341
-2.774724057001779
-1.4844143371759502
-0.3929313343410741
0.009497185211513937
-0.2870018682521193
0.21198883401890145
0.34712056599354724
0.23596314217750253
0.33741017789665073
0.2394933866138188
0.5556549840017477
0.7389578480022096
-0.2827397561080821
-2.174691908093445
-0.884145053967801
0.2528202727863329
0.07584331111869203
0.67086274827457
0.4801090678103229
-0.04092838911036309
-0.2245645870850504
-1.0038172297199068
-2.0538895994798843
-1.9756786279214569
-1.298423383299206
-0.7593871879725029
-0.6169930954345159
-0.3015746829785369
-0.2649654186536124
-0.013465286267314774
0.2803511997387419
0.41343326869139063
-0.7640214106031772
-1.9604266449576904
-2.1432889787797063
-1.5665733993849094
-0.9977660350115514
-0.4779802108485687
-0.7464448532663619
-0.31891884650602575
0.1601429999525955
0.47303439702518657
-0.05106519723698086
0.24365069872648076
-0.9803783542093751
-0.27783165370573976
0.20598889192148806
0.34407817700444143
-0.5489173284359774
-0.03750307210078746
0.0721425933295225
0.24373195705663048
0.7400762082625615
0.2280374121046539
0.028661616224482656
0.8738253711169524
1.0283331270404974
0.49070587988903047
0.3460120780439767
-0.3436294001774801
0.40756445622174753
-0.44023422344416135
-0.05080023421101959
-0.2155955558491615
-0.3538093090513943
-0.6747890485527472
-0.06052076940714868
-0.7589863150876774
-0.8288383680956316
-1.07718577522996
-0.49771948336907956
-0.9440814286157752
-0.7950696510538404
-0.9915728188357458
-0.6010025104804566
-1.1080838173478795
-0.3861868363245464
-0.10490504211290072
-0.07937661297971876
-1.4607619005650552
-0.34579507352840033
-0.694766577946869
0.23181230666489527
0.46313765107877536
-0.1019844102888961
0.205403357248019
0.1256294509987499
0.5866783978900987
0.6780490626789402
0.7559972911550061
0.3873337666100315
0.6294596719082391
0.026089082128742724
-0.7347830423448254
-1.5287043825667985
-2.344804896606534
-1.3572002762833242
-2.4877141827289764
-0.14927054164959033
-2.5008389148767822
-1.5769276644019783
-0.3056157878376369
-0.5266165407014693
-0.21452500124587853
0.253529987133261
0.11133503195449712
0.4973680831907866
0.521085244610952
0.43093593725007384
0.3027084055072453
0.2957984971711659
0.4246012467539163
0.6291938672900274
0.8440348395019417
1.2440141204529258
0.23666631037863667
-2.17621855425199
-0.4805922613057364
-0.17789995190556881
-2.774362489237146
-0.45254171123790554
0.12278328202547678
0.25222134726047596
0.18257998432831662
-0.25339174056175595
-0.3848971719746796
0.0877987881456464
0.3118744065824254
0.2598541851202356
0.19400498312137043
-0.004687909594725426
-0.20504019022398956
0.5577674211879288
0.66094713818216
0.2746983464574999
0.6183125168964905
0.7075573642199394
0.4685843264259867
0.33269406161796955
0.23827814674506753
0.27468411968938766
-0.015909390089918263
0.24460229892144036
0.5913292147641228
-0.588306794391781
-0.5615853548588653
-0.1104750823102856
-0.676235510605923
-0.3343557829278919
0.6923458531911345
0.8496959557332462
-0.4856547801864474
0.08702209784421983
0.4788139588074869
0.2350362518881004
0.7260689487871854
0.5465227500567118
0.33076315948797497
-0.10759456376920815
0.7357123137171918
1.670713969905379
0.2358273877765531
0.5456973204058951
0.7245983124624448
0.8161508393291117
0.9577107239163323
0.6341287889266737
0.9144863334727236
0.7690746151431544
0.05692196154497259
-0.29548045681804025
0.15723424132821984
0.4784166949062715
0.5809226291888843
0.6318750144091588
0.05377940039703638
0.48726347798180303
0.9338351989021991
0.49298250227962215
0.646924114216038
0.6207079978243788
0.32354104115934834
0.46982934064063675
0.33260606906801304
0.5682518894515171
-0.3098390346118834
0.3011231427247063
0.6040790324733086
0.5860076338540164
0.4582524649105305
-0.05280914808227566
-0.8188658263870177
-0.32603714063453676
0.1488313202290193
0.5928624893296996
-0.3372677219891598
0.03318030812424777
-0.061640343140881154
-0.3925009586567162
-1.7733011438550905
-1.72474448853363
-0.5676125812284256
-0.24490927910446703
0.29382801793911373
0.06883172759409162
-0.6248335138725547
-0.607357521245935
-0.16804681536165944
-0.27159046476532145
-1.742683996028148
-0.4664879817200641
0.04822026929672579
-0.06114094193876876
-1.2321853595082164
-1.3651007439430916
-1.3142766699633028
-1.145021834588269
-0.6293997151301429
-1.115181714622293
-2.0020638932754338
-2.286387134285563
-2.347829528753783
-2.024330381441005
-0.8255677854991771
-0.48565950728489304
-0.19461316549913657
-0.48652553737761917
-0.48717506974349895
-1.1283811360636034
-0.7139116039251595
-0.06157871926772884
-0.8425380064571949
-0.7304935405332335
-0.46584128802582414
-0.06373056027516147
0.354355131960579
0.08206177274454834
-0.7064649052353967
-0.39636427054701695
0.08587072701715498
0.39587552393819125
0.28859652285646975
0.3809421193485111
0.38055468365976153
0.4815789232530313
0.4173208980941122
0.2683773312452511
0.5652940571793957
0.49388416501772436
0.2571990240512192
-1.0856613062194502
-1.9002656673543419
-1.367732648007046
-1.3717794548279756
-1.7647499838421752
-1.3221517971045407
-0.3390225468362525
-1.005591456302861
-0.7336203328917921
-0.7590491432808754
-0.6640553602874498
-2.423131790868256
-1.3746527088227274
-0.7186528603473956
-0.3578767946033902
-0.37623230157383014
-1.4825027612809252
-1.7210817061086028
-1.2543714319246462
-1.9610374393443675
-2.2947280227297426
-1.4873702213397069
-2.6661070321649336
-3.393595407078697
-1.4808962799670324
-0.011505951749199606
0.040655935781114705
-0.21602741738028247
-0.38237500017407783
0.10894227198189205
-0.282739687397057
-0.151169992475343
0.36203226489056217
0.5160442324538123
0.4768440868489431
0.6414572015393908
0.4258494396655581
0.6412097346421982
0.46926300270688026
0.36890874780487626
0.37880564408399076
-0.10205818738072911
-1.5739776473305023
-1.0890209958702324
-0.6866886839582165
-0.31583195098550554
-0.2863723887354735
-1.4151855965158064
-1.050229241928184
0.22245823302907602
-0.44202074852991613
0.3736200081206388
0.6179460389023447
-0.42959237278769
0.5181398727679659
0.5429274416245463
0.8819608664227727
1.0515700316285286
0.8279178039059507
0.8411481594750778
0.6342981907825727
0.7032039218921878
0.39255035611790035
-0.20157867792002804
-1.7281704629411785
-1.0881119853068952
0.08580985646018224
0.5936440370099764
-1.355102456785433
-0.9164308035257283
-0.49937912268431317
0.040029529034158906
0.2747002644450838
0.31849163169547146
-1.5682208420802284
-2.536492552998189
-0.45493210467676454
-1.7525171255310306
-1.104584749887108
-1.9367415969189443
-3.29617188972773
-1.1263308903713602
-0.6651344461390079
-1.2074308588396212
-0.25178166609774033
0.3456546026338454
0.3104950202900302
-0.12148953987830552
0.3330361525445845
0.29913436185813813
-1.2672116333992676
-0.398667380261386
-0.17519573417335346
-0.19208237085609678
-0.574366784221015
-2.1068294636953446
-3.431607135879723
-2.3271216924366915
-1.8765866320104614
-1.118547539462893
-0.5398863073455337
-0.591335360968722
-2.275549492883739
-1.5660303292740574
-0.4365959907844794
-0.2036534622514686
0.03400115155007161
0.38858173525548556
-0.29723771540637256
-1.1125021228242813
-1.240964559719615
0.07016187673690033
0.5108861202451415
0.19923880816501577
0.35212852991450894
0.03349062015004067
0.3386974534800582
-0.030038497390013325
0.03583567246483366
-0.2270779045738829
-0.42074719102352376
-1.6368484984247536
-2.414763592239346
-4.081475956180933
-2.7757800949866303
-1.3578090163339869
-1.2153937370521035
-2.2010756348922693
-2.6523421677001244
-1.3076159614659861
-2.0831843849193223
-3.18438533166698
-2.0739704151628526
-2.5342983368524803
-2.0946709322752337
-0.35655594553996783
-1.0521123284700402
-0.8189998192148835
-0.5916015628644451
-1.135833953344398
0.028322798716375275
-0.22320430907969396
0.1967669256804554
0.6753317491384045
0.593608661667307
-0.014056540004651563
-0.5288838154828717
-1.3920780041417655
-0.6683566378136524
-0.23763695032218227
-0.01729775036816039
-0.1520565715794248
-0.5590390793422324
-1.264281583220721
-2.610675222770214
-1.331136626249987
-1.4572986907811483
-1.3540106076445062
-0.958927383123917
-1.344149184513858
-2.445568467337634
-3.519598423807536
-1.5025631283685554
-1.1065246683352223
-0.8074821785043773
-1.925322305576603
-1.3227935364173067
-2.17915403112463
-2.0742110098453903
-2.289726608332036
-1.140483123300781
-1.2819460698534169
-1.7977294732680549
-1.7239732327557393
-2.2798283394288172
-0.8875332376405941
-0.29026864006610553
0.16484250462960637
0.13724954286014457
0.14735603845746942
0.07069391780988954
0.2490515635111079
-0.08534227290292956
0.10839742411899389
-0.7222553209309626
-2.656810807025393
-1.9110038440168222
-0.8908731314596335
-1.3682190294773346
-0.8768918223729251
-0.9356802094009261
-0.3306821305536497
-1.0858039317420287
-0.8584256464771856
-1.1790008821782276
-1.8670067356784013
-2.8326794063459597
-2.7295265807340896
-2.193023823345326
-0.9915126526984335
-0.6707245704950892
-0.1655670560805292
-0.22989224244964063
-0.16445018426572516
0.02900940826925058
-0.5811028443629733
-0.15122528044482808
-0.1438333988023318
0.3284574477361102
-0.03742226718568681
0.45783387907706485
-0.22390746202299633
0.291592728745407
0.3136647654123407
-0.2181045592214127
0.09973644199325515
0.193771227786747
0.3076443432479927
-0.5919011721995607
-0.27813527625394335
0.09788164915566239
0.24791307364226634
0.3600150769906766
0.4259443878455468
0.04459293599193054
-0.37785260157939604
-0.639583071349582
-0.5418944120708421
-0.40797230894693504
-0.3739849249312034
0.22987005395637355
0.36681277020218983
-0.307654929901875
-0.37210376838804576
-1.901216779983119
-0.2338762002392198
-0.4689290819815065
0.21557912681957303
0.12483702169592231
-0.0030230034164340225
-0.6378612561851489
-0.7064226512194798
-0.9223083660143843
-0.33121300355720085
-0.49920115011448385
-0.2895706836114551
0.045277266003538263
0.27970762096209945
0.3160905332743098
0.13101229604197873
0.21897024402916654
0.07893523093586746
0.15615198657076668
-0.08320229417191388
0.129678642705929
0.14043288182416214
0.27132591203302714
0.013462626697536506
-0.44322656914797376
0.05977804417433391
0.2865341942127112
-0.005637341090800607
-0.00984194692151677
-0.20511539221723982
0.20199910891874417
-0.3543259730807239
-0.11254765183465554
0.16002809316486027
-0.010922855140973936
-0.9437385783574346
-0.5896778103278066
-0.44312434080096386
-0.17392016146607392
-0.1906646055453473
-0.055157817506639895
-0.2371380803952123
-0.22822483013420353
-0.26554775538877295
-0.7010307116664738
-0.8230802277717895
-0.5124731951651618
-1.2968901051970692
-0.2762769439984172
0.3675178868947686
0.389994758930162
-0.27641530443426476
-0.6891667243176638
-1.5319923917676892
-0.5764942050083799
-0.29636322069820253
-0.20342499028050037
-0.33442010451432147
-0.011763597446392743
-0.5139387914405661
-1.9273745241748386
-1.8990914795092166
-0.6651504509605592
-0.02980546434114076
-0.1377712435487675
0.2844838977935811
-0.006499724813353619
-0.3217219328333726
-0.3627337437132408
-0.20397077155885868
-0.026917585025133806
-0.07023028691122365
-0.6646622772860314
-1.299387387792108
-0.39858779039528147
-0.5377673376791636
-0.16673790771173025
-0.21223634401966338
-0.5558660796351249
-0.29211787464471395
-0.2921635454434605
-2.193008342976979
-2.452245101205843
-1.7913412015473307
-0.24463783004019413
-0.19069516467832717
-0.537164289865204
0.09118085091606343
0.21801039815306156
0.2844823627266596
-0.012620671526262811
-0.5289469699203216
-0.770173958146606
-0.4220042201483466
-0.9183626250387118
-2.4176884083169132
-1.8485915767323362
-1.4758601401465579
-1.4702003503606815
-1.7471455059633352
-2.982405123373945
-2.0440509516581065
-2.4468046289963707
-3.0067220126440506
-1.366372243115541
-0.7090927171186643
0.09212921249586153
-0.007388195307470702
0.1711051428409721
0.10438490843859694
0.03749569292876587
-0.9110007044399812
-0.8658405326176791
-0.2812404983880016
-0.25566081500701343
-0.7434064387524254
-2.0038158968459276
-1.4535393931380438
-0.25246158670825053
-0.08285880150430239
0.4087179795954158
0.3119145221487466
0.11242280208135436
0.38946554012632684
0.5415589583976311
0.669084273974331
0.6169980369544555
0.26380871614424095
0.47476844949152563
0.5625220225888871
0.6979562249050384
-0.02132908984890894
0.26888002891216034
0.300657810402746
0.4103252905284962
0.30652198528204655
0.20754141118757385
0.009162947646368935
0.40038960727078365
0.390583735572849
0.12073381526237281
0.5239805532429678
-0.08880338271275365
0.13325115734073062
0.07489265342222451
-0.13537353025463733
0.23435498791413323
0.5363850358544314
0.5652972268384798
0.05257028726637686
-0.45280265489130417
-0.2897250928196474
-0.8285116939432123
-2.0578489259864696
-3.1462604117638477
-1.4072677843782364
-1.3542300423836797
-2.86796429836584
-3.690436825282341
-1.103983327608326
-0.1381649027455223
-0.432556315579312
-0.16236037665088873
0.16948215779968634
0.08569747716793974
0.09772641109804786
-0.9605652014271533
-0.9057185969257879
-0.3859284728077693
-0.1993816938078651
-0.3516368364401655
-0.23663528934832348
-0.8450521277660585
-0.1942096050147764
-0.09659954725744407
-0.8727427844641354
-2.1047850921934668
-1.1139807878094659
0.09306373644744226
-0.053767704161398394
0.01945973903423187
0.21810421164169436
0.5194901085873699
-0.19500637221477501
-1.3223187729602834
-0.726919839619254
-0.1658021100606869
-1.2245991890341297
-0.3787811084352174
0.018130003104113
-0.25032899695166694
0.13058719115055667
-0.013619884714373143
0.009348351306502245
0.21005711091650886
0.14804890248644165
0.09250157877258891
-0.19103200164792583
0.18655292833578951
-0.24754233302777884
-0.05789752455155664
-0.24053560077492067
-0.06851511752901471
0.03289856027360266
-1.3701035018032055
-2.5043312190398352
-2.84616041850283
-1.1712160389857273
-1.7401564050362825
-0.4590289913990152
-0.5485439871045363
-0.02458152489970772
-0.18470038362943
-0.02110649260488387
-0.34264135680033353
-0.12696991058391838
-0.18741336143961773
-0.05632832362313203
-1.00694668895254
-0.5298854275584888
-0.606590547192351
-1.2733654541701382
-2.7334963012563054
-1.2714039211672965
-0.5040981109986042
-0.9746125591427945
-0.7443593822419522
-2.1191502673985347
-2.574475527691131
-1.7848677160055983
-0.5512026185533463
-0.6759742569636662
-0.2954115468474105
-0.775877366090191
-0.7500868251362549
-0.4890945282346084
-0.278560435394982
0.02480368063065569
0.022811252909682722
-1.3189804904787943
-0.5810568696479252
-0.0034418421304478475
-0.049529879624520795
0.15104336345891745
-0.3754967210042129
-0.7557599825539586
-0.9887158669999576
-1.1979332718748235
-1.0223654058553286
-0.7919546672693089
-0.5682068385159937
-0.840855112468452
-0.321852008877951
-0.36256663731906247
0.179041923044077
0.5516266034894399
0.36610910560748233
0.5766102352010749
0.40442671517719775
0.5916862555020319
0.37606779338399543
-0.18054528242576612
-0.2674418745044725
-0.19255754735806985
-0.8310932163386338
-0.1414392095938216
-0.284763951799579
-0.1314162221107732
0.2782560233968717
0.17232619518926906
-1.2050054099220722
-2.0178024033100233
-0.22267745691422197
-1.3011760954587444
-1.4674822821428222
-0.6663012875106609
-1.2178624702631078
-0.9827841903926597
-0.3343884678529863
-0.3063462977788944
-0.5262824329246072
-1.0133322937991103
-1.4023551745363314
-0.956707530270935
-2.1103360952267414
-3.138969466550703
-2.005643798396221
-0.36464943104771635
0.02135065441179801
-0.18720410243836727
0.031145623517802756
0.15525480066483843
0.3615811123325615
0.25114881233981423
-0.2771755608008885
-1.492509002716411
-0.2905865577368561
0.031286224374589
-0.01645239736801768
-0.13835219536205137
-0.9551513797213675
-0.461359238525088
-0.500579347952983
-0.014423806709942977
0.2485980163643472
-0.062101708963884755
0.317423070216183
0.16043809163021688
0.153455347979721
-0.27930548517308407
-0.9579868202731022
-0.7245269119885079
-0.938532909600965
-0.14996404925134346
-0.11672916750676876
0.3045736048978408
-0.1174479319860679
0.3213563434127884
0.5918922507678002
0.7201209917589065
0.5696745482183407
0.5752579993169333
0.9054795299910008
-0.552329686978374
0.4513763958095174
0.3376494795698546
0.5227113894435352
0.14774599084541468
-0.04327347277363644
0.36939839619713133
0.033359885728442396
-0.21281055245148975
-0.46553684891031943
-0.09648576593970812
-2.410997527483252
-1.6004914020423895
-0.31249343287246184
-0.3565015245966816
-0.008056934053743275
0.21847561940314036
0.48698466044467137
-0.746081588361361
-2.7101099527421657
-1.1665590206297891
-1.6381280296577319
-1.9181692921914717
-0.7546786903584262
0.013373617485361977
0.3354537364271237
0.26207597216681033
0.07179837021177687
-0.6036610941019418
-0.23147177622317003
0.101675151883307
-0.028947839747176324
0.12987753106303096
0.3140794413084016
0.5488958662801333
0.2654430206148495
-0.3705065393058966
0.1542156027476223
-0.927549659894377
-0.16279899849295448
0.12487907398434422
-0.13937014756802973
-0.8858234181693948
0.10186313015697135
0.23975608278255311
0.06221819609009954
-0.6269609693954334
-1.17694650948089
0.20839757060041675
0.7119510156745399
-0.2540613009172583
-0.6378205440228211
0.10648604227041575
0.43170741794965883
0.5537360533420187
0.37522504441324844
-0.5187126734459399
-0.20411794416421458
-0.07827533893678759
-0.0829526629427006
-1.6858561170198776
-0.32211200192574074
-0.39850113520587305
0.11359192744289603
-0.06689973831373389
-0.4823206935725912
-1.4620180664460842
-0.21741827128306898
0.440091800551459
0.49135816889672224
0.37043608041648
0.5821312935736401
1.0283147467418547
-0.06511886492090005
0.2798419959938938
-0.37099839836762805
0.21888831933223407
-0.26654784199876524
0.7915499472926497
0.48848008184368974
-0.5090375559966822
0.0764697053766884
0.10948692453840131
-0.06120520308232555
0.1980926804976027
-0.32514727067715393
0.6755439023663196
0.9008735466336331
-0.05542184689136018
-0.6647224480176632
-0.9527735502047883
-1.2734745833827
-0.828786816599676
-0.832963915247865
-0.2901198032256541
-0.15315694439063454
0.051080631937054644
-0.03936584917905839
0.012214930974446314
-0.6216773226376511
0.15252136872524036
-0.027477217506680696
-0.3640278385896019
0.1945048373411178
-0.21824618726002745
0.4067904990940241
-0.041355299389726846
0.32453129087380184
-0.46506724352618645
-0.7441108532943443
-0.1480023491054358
-0.08498488874403112
-0.07789531876043038
-0.41522375249535803
-0.7800836857263902
-0.4184872874157127
0.10603821775303668
0.22928364475855
0.5832278640910534
0.40444738778404643
0.13055387852045802
0.3490472670532806
0.48825299278543843
0.8124553700332424
0.6637637784082447
0.6147910772959884
-0.8025535834133873
0.025378271407268005
-0.630782174679177
-0.25532547227378294
0.15277669382685033
0.27822960722626633
-0.23192363898939328
-0.9631601395544698
-1.7527307015273488
-0.9682632459083108
-0.1903746191426852
-0.28768434311782737
-0.11436904295581904
0.02855361963065134
-0.461339346676069
-0.4894394400375106
-0.2891236321963211
-0.059466508302120025
-0.07520094515594813
0.29429410858976623
0.1168087732868539
0.7743433761230454
0.8837680195501014
0.7686440524404519
0.8732896905927903
-0.161741680454544
-0.44022963046470487
-0.3339381604457724
0.11197848578233466
-0.30827784710184314
0.13761258032859863
0.5493794525249123
0.7965724591590442
0.9347461892659854
0.9192426821184572
0.9863945688818672
0.46949988812530974
0.8829274742562419
0.927139129909379
0.7249036029449999
0.6015814492743098
0.585945827611486
0.31890176224564126
0.34455811844159845
0.5073386623646704
-0.27057295054030006
-0.21514458759176608
0.017453241903190975
-0.4779989137473289
-0.5311882022105932
-0.5933510559888289
-0.27875002257247333
-0.9161903643273661
-0.3877523062981993
-0.11822906620535661
0.143039868563417
0.07190057960763219
-0.28991417210665227
-0.1992063560152054
-0.06699140545883575
-0.39043242037112724
-1.1760022042843192
-1.4993479437138826
-1.0655799381294004
-0.8199379496838252
-0.5413843806050626
-0.3502636243799402
-0.46364717542227796
-0.7258785922553759
-0.8058294526327883
-0.4644361561096923
-0.2334973404683563
-0.1334746523901928
0.11443704382154185
-0.2575432099703677
-0.14304704293004122
-0.046685106907756124
-0.49586444960901954
-0.37928424568316643
-0.5739145464190776
0.3403836145896224
0.4749849570092788
0.4559619783405844
0.4212404287708179
0.3951594603138132
0.087644358396536
0.43522920671669874
0.36042895740718817
0.49978809534155566
0.604891577591214
0.3668403010665521
0.3296682843828922
0.4315092396651442
0.3249899708062425
-0.31818619960524974
-0.3282882423846392
-0.14106951023802206
-0.376450045464601
-0.2047586817021931
-0.1899208141850725
-1.2663025926255989
-1.801097912266128
-2.054921669606043
-2.526479204613962
-2.449635955614009
-3.0956010081350755
-2.037123699328774
-0.7856409528160179
-0.055747587093393586
0.06439276767937502
0.26503382440958545
0.1443995428836124
0.30552980511891126
0.437378389962223
0.5415990153324644
0.4580826303745126
0.1991015823142449
0.22201117714418472
-0.017206589634298997
0.2823326838462148
-0.18340367741060265
-0.2247303610108236
0.18776119903194183
0.14882314888431752
-0.036979779920875866
-0.6313005332049864
-0.3978093263259357
-0.21115212378555007
0.30981995613999413
0.2956272859234885
0.3492609792859984
0.4652686951452196
0.3335019950020226
0.2504230741215828
0.48356324686297747
0.3535234317306808
0.08316668920221088
-4.5006774047130715
-4.6947913291621095
-3.7129912314063067
-4.2097637037383695
-4.08102821907339
-3.978162294760751
-3.5220562914944367
-4.132736493071628
-3.80054190332632
-3.41924844296261
-3.5424456142806635
-3.8273737816296145
-3.5642024184658005
-3.8214104169421246
-4.1078444110362575
-4.848055924659217
-5.2842119538035845
-5.516147593998145
-5.80524629842283
-5.792077977266228
-6.195301440811804
-4.465086207368385
-4.4996555516414425
-3.771208351144266
-3.646057690107977
-3.9261599626004062
-3.5910891649988477
-4.186800505668408
-4.033813172752575
-3.6736717780377344
-3.9923675442204134
-4.30626652292028
-4.378315616283391
-4.212537815143861
-4.094578457999682
-4.148590933213722
-3.7756189146598462
-3.56128852168849
-3.9218524000138224
-3.490735204016081
-3.1067400738292665
-3.4793613193367574
-3.8124494210396382
-3.8093238579783506
-4.016104436935661
-3.793285734961829
-3.4736654791099952
-3.3139606136816306
-3.1919523105293512
-3.0462125212335174
-3.1350510691543803
-3.526520654347514
-3.527835301364023
-3.3602050041936424
-3.154114024234424
-3.4374077198441864
-3.5435722056258507
-3.5608189729532955
-3.0453991618871195
-3.438129059769396
-3.45848807808344
-3.531552858600719
-3.7543642983328946
-3.6468182282922963
-3.350622512643204
-3.3184584431162625
-3.5392574983295435
-3.66794155514736
-3.2468030740934073
-3.137882967987419
-3.105190213683568
-3.0967259712219457
-3.517560304722965
-3.602442154488651
-3.597043100019085
-3.4360997853531514
-3.154914562446178
-3.2869635008975338
-3.2242509284039116
-3.538340204340299
-3.623402316296538
-3.2698327871269797
-3.089459475332787
-3.185626461347306
-3.4157854709359947
-3.4554042952283766
-3.284898918265377
-3.488686758673902
-3.107462717111702
-3.520481577465914
-3.418875020911454
-3.6010290814639845
-3.5625259936856466
-3.0577892110542675
-3.3704926079378192
-3.136699767872325
-3.1606213816201616
-2.99712777464146
-3.0731327480034465
-3.194870362253741
-3.005453558821023
-3.742734050052119
-3.7162007828241364
-4.055028342754914
-4.82617857652275
-5.20227042084862
-4.9436931081237745
-4.395127097482238
-3.9646504187632448
-3.9289064898260255
-3.537020319187592
-3.2108323109682932
-3.3489247273080287
-3.843557428460682
-5.721683411501063
-5.8987943187640095
-6.9054322834535995
-7.052049953480772
-7.332242038444866
-6.082411967898302
-6.238484220035094
-6.019254768295832
-5.787845521952857
-5.124831788151438
-5.496694584342761
-5.983140973303982
-6.021227918767234
-5.2297847397327715
-5.878118433625923
-5.7214411429043395
-5.28434465138759
-5.607978692804426
-5.149339925597879
-5.023307043292942
-4.897026552344704
-5.076362379442456
-4.79761048801854
-5.59550158967042
-4.796438864613446
-4.553065910124072
-4.673934315873423
-5.523739554118764
-5.263369664951366
-5.5041545351837495
-5.073589194655401
-5.266484789634324
-5.918203646063635
-4.786573334620085
-5.01765046570441
-4.978094666709286
-4.815948092445289
-5.116097741103221
-5.009445649140183
-4.666114669812382
-4.680809164688377
-4.626663294100879
-4.5491875971671725
-4.315711801239072
-4.8210732366065745
-4.712429431731167
-4.782685745489136
-4.463946276217355
-4.710850578560416
-4.497018039591383
-5.099656611247227
-5.032858880916015
-5.264885217633379
-4.581848504520842
-4.937342762752893
-5.2967723813070755
-4.580745987799739
-4.7093444161090705
-4.129702240717462
-4.6899825928017655
-4.6946337444579065
-4.751659151524654
-4.618681020955476
-4.999134886976911
-4.796484254927078
-4.891768317588356
-4.848716061677614
-4.856298118167263
-4.633966121928136
-4.4813129710120965
-4.227041692632147
-4.072799954325282
-3.9100769939081257
-3.84270250425432
-3.278396750243628
-3.778673759315771
-3.8159224579273343
-3.6307869795006464
-3.9061355486749583
-3.6193644421765687
-3.530471518875511
-3.5367757917728677
-3.3815348895402697
-3.460897467761804
-3.552265264076367
-3.358456295939063
-3.217592130742792
-3.185082188626765
-3.2115690220034545
-3.1202772595402184
-3.214378403924216
-3.163346897161886
-3.143480277088981
-2.9819176554243696
-2.9502599700875454
-3.014090360100075
-2.890245230552749
-2.771435447528622
-2.7806167157535335
-3.3231158332636777
-3.043264588370362
-3.4817825907971724
-2.972669041086912
-2.790670317826495
-3.3302890821931896
-2.7480202104444076
-3.020941720048073
-2.7653967417731926
-3.07340629596974
-2.875110814001871
-2.8875123626351367
-2.8382880152683754
-2.971204687009403
-2.5460868183114007
-2.7473130368477805
-2.6057932500718564
-2.61910634541821
-2.408138465001299
-2.377685059946225
-2.655934247135958
-2.874138803791031
-2.833422230291766
-2.842097617560854
-2.844290114046378
-2.7489259263449983
-2.416671728644373
-2.6925577534359233
-2.878511201785325
-2.9242113332040405
-2.989531591140375
-2.7704103926058337
-2.9995783675830414
-2.575496578340792
-2.4115333551433844
-2.941641094369749
-2.4054027735055086
-2.75575899309909
-2.768201661214599
-2.5421590618471317
-2.8500980138329695
-2.711699212866066
-2.6088372873571433
-2.7522048571353097
-2.713305450735556
-2.697564193365602
-2.601062568763694
-2.40177906194149
-2.2353981742169715
-2.9512637345138653
-2.7532701793289895
-3.0707436581034044
-3.105896804753805
-3.041837674063419
-2.5842557188860984
-2.6033878739153447
-3.1548353771611986
-3.2946354439079553
-7.507954507039445
-7.491732779238273
-7.1482040005245135
-6.763498477133577
-7.073950583033659
-6.7995420095021775
-7.080060578770603
-6.788239697504862
-6.64560737381807
-6.8943365860319155
-6.70347797541625
-6.549863326512387
-6.340213884609199
-5.513397549670405
-3.4304761025388824
-2.018495560574629
-1.6089760525839427
-1.29679585994523
-0.8844413059676433
-0.6483495240434167
-0.36142093805646963
-0.9866334969790207
-1.091042236379947
-0.7290562248362827
-1.8173333894484074
-2.236632185442786
-3.0296219131064017
-4.382257552766282
-3.1173903886036514
-1.7898585265537004
-0.8095636720959215
-0.6556991358230914
-0.3757026151124172
-0.2132650581569442
-0.153512583700891
-0.1563937383986724
-0.135492810000248
-0.06783162564292577
0.009823040800389204
-0.20153432401960103
-0.5366899489764345
-1.2677044059608062
-1.5129731651276719
-2.155155678518151
-2.13095520170637
-1.693548960895003
-1.3240809741324604
-1.2552199556236756
-1.8493760709207192
-1.4975577973054517
-0.9045129123478542
-0.3169665738522013
0.2718658080207621
0.15488946134871534
-0.25261236177520796
-0.0931120114952945
-0.46852255063888054
-0.6828803796357727
-0.5040693955519742
0.0015508247164207623
-0.05605546625211269
-0.03029506126691897
-0.20990280539563314
-0.9236754490215995
0.14897157039817044
0.3738098270401181
0.6835756734569431
0.8116672351076089
0.8500515210284425
0.7233017022163707
0.857973030544493
0.7664027596154577
1.069038004601304
1.0329551663764056
1.083652066083041
0.9497855283610097
1.1483358660192873
1.0630378587194371
1.1118081852411834
1.1411038366197404
1.4575167827569657
1.5342829031006386
1.4245485933633817
1.6146602380669073
1.6083569459366274
1.1802657808211598
1.6735979733975241
1.4085965255456827
1.1782036196212806
1.1928113938172185
1.104133301975879
1.164623618837088
1.10172734132178
1.3954835300272888
1.3363662678566293
1.6438785116424548
1.5034790121037434
1.0503402132550848
0.06799200194637406
-1.6991892342964348
-4.0431356229321604
-2.884675284412062
-3.4479564345445586
-1.2287451956935556
-0.002220420098606346
0.13263315150679883
-0.09683828566187341
0.377551631196673
0.3853930324128617
0.4654572938559558
0.4467281520756575
0.17617425073799353
-0.031388781508017466
-0.03840775780643091
-0.051726075600821986
0.3266133711777883
-0.19246837299032388
-0.5397996389831902
0.07541034195998825
0.20869428196564538
0.5448628734050803
0.35255045315220757
0.38133182656829157
0.365284762624685
0.7309983246957792
0.806825989019925
1.0323249363612381
1.021207040728977
0.4865305013124318
0.8004647743412274
1.2700353256781642
1.1653161510128147
0.8140376162943181
0.6798361399129239
0.7057093383609925
0.9990463837171029
0.7914355360776184
1.0055115607630376
1.127010884502208
1.0599654070405384
1.0726440443757177
1.130642376232534
1.1977963041951605
0.8494501284116516
0.6056145319089576
1.0363259655738724
-0.993225882551839
-1.33902781204713
-0.9433777958163868
-0.4938169588347606
-0.5688761418344681
-0.07589810119127402
0.38813071869173865
-0.026243091542737323
0.8593334913145649
0.7728298516755849
1.084958219853042
1.2605147257870009
1.302050237846448
1.0938502421889662
0.44988379576814064
0.5171723856700916
-0.4597769425524262
-1.2907806691266805
-2.9839396232652384
-2.5158801464013014
-0.9069948172574029
-1.9775198490751427
-3.176041330905373
-1.643424448179423
-1.172459797166065
-1.7807236807329876
-3.2240510734256254
-2.4858649493454266
-1.6442148094400124
-0.8556529465412719
-0.2749358178313281
-0.14642780182621767
-0.19420792033742101
-0.5108235267024542
-0.7780750555149888
-0.1693471721858105
0.3094908594482463
0.551673546403812
0.8082202751186476
0.7546382597597621
0.9204105899832646
0.8056811862000612
0.844134404073879
0.32440138991300504
0.5369301376825679
-0.2521168140173933
0.24186880983158726
0.4225036077590769
0.17635369195404188
0.4572699695368794
0.6521455261196464
0.7668834887841907
0.32383459840547
1.1777111812387118
0.7415689491627752
0.7875135158872899
0.16878036799546342
0.40222927854644264
0.21609563894236428
0.12241854116964968
0.04387595532765992
-1.5824651228358881
-1.057281119955787
-1.4039694783217793
-2.410345546984476
-1.2506759076480525
-0.7732551193669577
-0.6110640912365617
-2.527375678765035
-1.043194943986759
-1.0891066076747087
-2.52362804312506
-0.7472969676520653
-0.33982866893168456
-0.5538728843438048
-0.46700989560329453
-1.1917455727373985
-1.047578582891691
-0.014714629320414868
-0.7305119732005194
-1.213425465149666
-2.038897719603269
-1.54207406759277
-1.7399832329996054
-0.6975132544423654
-2.728919285550123
-1.289435642679398
-1.6292619506046706
-1.834852430916567
-0.15247849550892295
0.829318114586739
0.8462486249843886
1.0358488301941773
0.8240950341966069
0.6351038834174219
-0.2729582070870762
-0.9897770618870491
-0.7204077455152653
0.21885089943894526
0.8626954176303296
0.6781077801885554
-0.856947656516273
-0.5956933477861424
0.32170022942899457
0.5996704392941974
0.8620723170264877
0.8098002676326945
0.8998412908121511
1.0640938960619084
0.7097109329956289
1.1519350268702397
0.79509845880397
0.8227727559678542
0.7582520128003003
0.789935578041512
-0.7887507532922018
-0.07404005380822651
0.584283823195426
0.8454323278298765
0.3879946181617122
-0.6056470208388112
-3.0729766770883296
-2.6995099014735433
-1.085904281911009
-0.6160103799767156
-0.04717811918837134
0.18974626684465945
-0.12269836091201339
-0.19071402486122951
-0.4232229433416891
-0.3135739219032
-0.5246284111963787
0.01696709269373492
0.5802829193564044
0.33734247127398176
-0.04812874789749938
0.4360981577053623
0.7490748352797927
0.367798661739165
0.3903967768879585
-0.7672308611901201
-0.701628350261253
-1.5150944800380166
-2.0929577395147794
-2.7069100830112736
-1.0068924631879477
-1.795042185702185
-0.6379010669755338
0.21051546991872255
0.5504311187821106
0.5453395143759064
0.3391817986245905
0.37422866750508665
-0.06541606267891445
0.39702937093237956
0.7536151275592664
0.2750351830281693
-0.9698841211797665
-0.6911573553784172
-0.08107838796285785
-0.3756127524272188
-2.0095546635872887
-0.8930202819469222
-1.061138711537397
-0.5421323637872312
0.30519594833179753
0.9393692291927112
0.7304407192659101
0.4615165380528744
-0.4752560258006755
-0.6481631625129359
0.26585013603722873
0.23548151972216302
-2.221494864138479
-0.5192932443576546
-0.2253985896760695
-0.8485212047951761
0.15970988555043908
0.17644837646837153
-1.6188348870548168
-2.113181996767815
-3.404069122965975
-2.5707636914753467
-1.065374152988849
-1.0873722976356985
-1.2569473778543605
-0.8847079158484259
-0.5125161950634372
-0.37443543486537506
-0.5755246786359874
-0.22234996199118548
-0.8590528303439697
-0.03319846268551013
0.013552164986087967
0.26559362677438947
0.1887043738030666
0.10162458961091253
-0.40478467254683825
-0.307941790304333
-0.3759247416003224
-1.454108594852834
-0.5788153196717006
-0.591056488146416
-0.9016729410434114
-0.2544591957346456
-0.9047695227850727
-0.8868679022775465
-0.36668888930084725
0.3935872929764953
0.6260071930312836
0.6013491211527866
0.4501667990953314
0.7242648270265709
0.16606138994507208
-0.3729553229346267
-0.4376319122302702
-0.48955864412930616
-0.8088016555832228
-0.15641647269975784
0.10249630559219902
0.05832948312486641
-0.644297532790407
-0.7364798476189476
-2.676703129871282
-3.964885592124838
-3.5302809568349107
-3.4768946477818647
-2.799760130742569
