0.2851703706629032
0.24921394656654394
-0.06720004619088041
0.07394600315166672
0.2800275640028582
0.19173862715163542
-0.1575838744677406
0.209573069573238
-0.07422744892557825
0.2866799435466568
-0.5753157104831952
-0.5894459609640146
-0.33489822167407035
0.11095976025306409
-0.09846198044834081
0.019063682964141293
0.2711473283718263
0.37480028447259917
0.3545523362349541
0.6821521786686114
0.6583276120607975
0.6912102518983618
0.8751908070600961
0.9462671571164546
0.9033993790624671
0.7913418829172739
1.0096332761948146
0.5411752971817891
0.4215637482039577
0.2958014240585136
0.3178001251443059
0.6576595862764995
0.5079281209712603
0.5640924574100008
0.5592459828255227
0.29541673339854535
0.6259111806988945
0.464722022270472
0.48481037626932333
0.5088899339155329
0.6514695926149419
0.9280982473775351
0.6587901231817179
0.40273508230396726
0.38549480561540794
0.11542456817944025
0.4924912424921599
0.7015296594272302
0.688860948089992
0.5233820063920274
0.38900171711983
0.3156259962001805
-0.034058541960883426
0.353769245329144
0.15735068662362844
0.3284119089076266
0.40460056807628964
0.10898862884204019
0.8016493949792675
0.5873299332909961
0.6862037143075789
0.10533373441703481
0.08006316147174725
0.08727303600229525
0.3376318833496872
-0.06645198103923744
0.14588974159030144
-0.3457468050064351
-0.6277276037117949
-0.374691229613576
0.07875381032074708
-0.388505319527824
-0.05536460290591097
-0.047794740497938804
0.5404213190630269
-0.1533393524140934
0.18635916722239443
0.598083258784116
0.8191665262424442
0.7332651657324603
0.6649541447728022
0.8870717414156742
0.9321599589146944
0.6009472891144063
0.8503019414940814
1.0126945856507978
1.1526940660478475
1.021736394314058
1.040170184715166
1.0988739339293216
1.2436707379335168
1.0666829156346394
0.8368191382847275
0.832892692101472
0.21229022271055964
0.3822267401724796
0.5916867026447492
0.788265696817194
0.8136140034845439
0.6899595999252651
0.7125613010136003
0.6595717845590319
0.8117696093315337
0.6468627707438989
0.7793299060323883
1.059071371369043
1.1936567266650173
1.0666710447540773
1.07475174848464
0.8945935984282324
0.9086753347258242
0.830463287339063
0.9356752743975968
-0.023745241565572867
-0.3552941276829657
-0.37479519378880866
-0.37698533035180337
-0.2264672073101884
-0.12865214596530883
-0.001363281191328003
0.16779452982680165
-0.14755611467414642
-0.331718983124658
0.15797793498958884
-0.024239828792250867
0.10326729000353363
0.3548693742485455
0.6105814625226941
0.8296716897713291
0.4529790718612179
0.962190759507059
1.2725036778282721
1.1936948480220728
1.1067497900658574
1.1917900105205024
1.2681466194742863
0.7939726872714238
0.7948142185740331
1.0648288396296448
0.6045890950325085
0.8261815504500919
-0.9698707111879379
-1.3719205852457135
0.16179022058880788
0.6328090215436839
-1.2400938523371634
0.43536677382759303
0.14096672842124613
0.6144153590936019
-2.0562421700546554
-2.7773199164730697
-1.4992731133171548
-0.958218655692778
-1.877736145527384
-1.7847462886354468
-2.5238731073939547
-2.3519931722184344
-2.204193149411148
-1.9858819881970824
-2.360521212092898
-4.25910524327633
-2.3005435440625797
-0.6296063756813586
-0.15280244556163827
-0.31070704410669897
0.053186235946372895
0.5521659446599305
0.4458597518366568
0.6678860743752256
0.7311234624390857
0.904807035077278
0.7854282983583586
0.3304775293427623
1.0093276443727088
1.0128574388549532
0.9664016841794562
1.021189091534679
1.1761902847212022
0.5973606271979647
1.0272928274320066
0.6390030434369376
1.1215115529955404
1.041725818961441
0.047555303520503855
0.6205770023019944
0.6768883397778799
0.8175126089561101
0.10006728943760634
0.5064788907484443
0.40176426997467096
0.5480201639965787
0.8499649776864485
0.6924675602846406
0.36925624569184246
0.5420733361887623
0.11756704406296109
0.023140497610719457
0.1255325174706458
-1.0914864290412782
-0.15294262296941602
-0.36577621438712854
-0.09965811076464581
0.19682196779904465
-0.3587146428774654
-0.6274089095517601
0.10965926653767721
-0.204545543269275
-0.2643043578654727
-0.5741097193575881
-1.1615251930869244
-2.7747240570018046
-1.484414337175949
-0.39293133434107136
0.009497185211531922
-0.2870018682521158
0.21198883401891389
0.3471205659935567
0.23596314217750813
0.3374101778966687
0.2394933866138368
0.5556549840017568
0.7389578480022195
-0.28273975610808433
-2.174691908093464
-0.8841450539678005
0.25282027278634234
0.07584331111869558
0.6708627482745765
0.4801090678103189
-0.04092838911036839
-0.22456458708505225
-1.0038172297199157
-2.0538895994798967
-1.9756786279214649
-1.298423383299193
-0.7593871879724887
-0.6169930954345104
-0.3015746829785245
-0.2649654186536005
-0.013465286267309362
0.2803511997387438
0.4134332686913881
-0.7640214106031935
-1.960426644957722
-2.143288978779727
-1.5665733993848994
-0.9977660350115447
-0.47798021084855485
-0.7464448532663713
-0.3189188465060303
0.16014299995260523
0.4730343970251868
-0.05106519723698383
0.243650698726475
-0.9803783542093907
-0.2778316537057344
0.20598889192149972
0.34407817700444154
-0.5489173284359936
-0.03750307210078141
0.07214259332953588
0.24373195705663458
0.7400762082625744
0.2280374121046444
0.02866161622447322
0.8738253711169658
1.02833312704051
0.490705879889033
0.3460120780439768
-0.34362940017748417
0.40756445622175086
-0.44023422344415863
-0.05080023421101937
-0.2155955558491513
-0.3538093090513898
-0.6747890485527458
-0.060520769407138436
-0.7589863150876734
-0.8288383680956172
-1.0771857752299538
-0.497719483369068
-0.9440814286157745
-0.7950696510538331
-0.9915728188357452
-0.6010025104804485
-1.1080838173478877
-0.3861868363245307
-0.10490504211289084
-0.07937661297970547
-1.4607619005650663
-0.34579507352838734
-0.6947665779468679
0.23181230666490227
0.4631376510787849
-0.10198441028889091
0.20540335724802067
0.12562945099875678
0.586678397890109
0.6780490626789415
0.7559972911550118
0.3873337666100345
0.6294596719082353
0.026089082128754493
-0.7347830423448369
-1.5287043825668034
-2.3448048966065427
-1.3572002762833244
-2.4877141827289906
-0.14927054164958992
-2.500838914876803
-1.5769276644019814
-0.3056157878376321
-0.5266165407014649
-0.21452500124586993
0.25352998713326336
0.11133503195451155
0.4973680831907986
0.5210852446109574
0.43093593725008117
0.3027084055072492
0.295798497171159
0.42460124675391486
0.6291938672900241
0.844034839501944
1.2440141204529325
0.236666310378636
-2.1762185542519905
-0.4805922613057249
-0.17789995190556926
-2.774362489237153
-0.45254171123788584
0.12278328202548505
0.25222134726046397
0.18257998432831407
-0.25339174056174524
-0.38489717197467516
0.08779878814564801
0.3118744065824266
0.25985418512025427
0.1940049831213792
-0.004687909594717099
-0.205040190223987
0.5577674211879136
0.660947138182167
0.2746983464575099
0.6183125168964994
0.7075573642199537
0.46858432642599057
0.33269406161797155
0.2382781467450587
0.27468411968940143
-0.01590939008991027
0.24460229892144814
0.591329214764134
-0.5883067943917968
-0.5615853548588849
-0.11047508231028416
-0.6762355106059306
-0.3343557829278954
0.6923458531911437
0.8496959557332407
-0.485654780186466
0.08702209784422599
0.47881395880749267
0.23503625188809724
0.7260689487871798
0.5465227500567114
0.3307631594879791
-0.10759456376919907
0.7357123137172049
1.6707139699053934
0.23582738777654616
0.5456973204058915
0.7245983124624545
0.816150839329118
0.9577107239163344
0.6341287889266869
0.9144863334727319
0.7690746151431594
0.05692196154496715
-0.2954804568180406
0.15723424132823144
0.4784166949062858
0.580922629188899
0.6318750144091727
0.053779400397038046
0.48726347798182135
0.9338351989022132
0.49298250227962404
0.646924114216051
0.6207079978243967
0.3235410411593549
0.4698293406406381
0.33260606906802115
0.5682518894515208
-0.3098390346118841
0.3011231427247065
0.6040790324733283
0.5860076338540264
0.4582524649105356
-0.05280914808227863
-0.8188658263870148
-0.32603714063452915
0.14883132022902246
0.5928624893297133
-0.3372677219891685
0.03318030812425454
-0.06164034314086064
-0.3925009586567088
-1.7733011438550998
-1.724744488533628
-0.5676125812284121
-0.24490927910445304
0.2938280179391233
0.06883172759408845
-0.6248335138725369
-0.6073575212459175
-0.168046815361653
-0.27159046476531196
-1.7426839960281546
-0.4664879817200606
0.04822026929673967
-0.06114094193876507
-1.232185359508224
-1.3651007439430898
-1.314276669963295
-1.145021834588253
-0.6293997151301316
-1.1151817146222576
-2.0020638932754142
-2.286387134285557
-2.3478295287537985
-2.0243303814410205
-0.8255677854991783
-0.4856595072848858
-0.19461316549911095
-0.48652553737757626
-0.487175069743476
-1.128381136063593
-0.7139116039251523
-0.06157871926772418
-0.8425380064572078
-0.730493540533242
-0.46584128802581537
-0.06373056027516247
0.3543551319605811
0.0820617727445544
-0.7064649052353991
-0.39636427054700474
0.08587072701716503
0.395875523938212
0.28859652285648363
0.3809421193485193
0.3805546836597805
0.48157892325303076
0.4173208980941203
0.2683773312452551
0.5652940571794
0.49388416501773236
0.25719902405121353
-1.085661306219459
-1.9002656673543377
-1.3677326480070464
-1.3717794548279763
-1.7647499838421794
-1.3221517971045351
-0.3390225468362405
-1.0055914563028683
-0.7336203328917867
-0.7590491432808762
-0.6640553602874446
-2.423131790868265
-1.3746527088227194
-0.7186528603473871
-0.3578767946033852
-0.37623230157383203
-1.4825027612809274
-1.7210817061086012
-1.2543714319246382
-1.9610374393443832
-2.2947280227297555
-1.48737022133971
-2.666107032164947
-3.3935954070787187
-1.4808962799670264
-0.01150595174918731
0.040655935781119645
-0.21602741738027498
-0.3823750001740757
0.10894227198189804
-0.2827396873970656
-0.15116999247534385
0.36203226489056417
0.5160442324538029
0.4768440868489504
0.6414572015393905
0.4258494396655651
0.6412097346422062
0.4692630027068959
0.3689087478048919
0.3788056440840034
-0.10205818738071981
-1.573977647330512
-1.089020995870235
-0.6866886839581864
-0.31583195098548744
-0.28637238873546333
-1.4151855965158173
-1.0502292419281845
0.22245823302908863
-0.44202074852991613
0.37362000812065066
0.6179460389023538
-0.42959237278769563
0.5181398727679846
0.5429274416245576
0.8819608664227764
1.0515700316285446
0.8279178039059597
0.8411481594750793
0.6342981907825782
0.7032039218921934
0.392550356117906
-0.20157867792002912
-1.7281704629412071
-1.0881119853068926
0.08580985646020817
0.5936440370099877
-1.3551024567854477
-0.9164308035257296
-0.4993791226843035
0.04002952903417367
0.27470026444509754
0.31849163169548833
-1.568220842080231
-2.5364925529981814
-0.45493210467675693
-1.7525171255310306
-1.1045847498870898
-1.9367415969189383
-3.2961718897277454
-1.1263308903713487
-0.6651344461389894
-1.2074308588396077
-0.25178166609772745
0.3456546026338494
0.31049502029003273
-0.1214895398783048
0.3330361525445894
0.2991343618581407
-1.2672116333992829
-0.3986673802613816
-0.17519573417334594
-0.19208237085610025
-0.5743667842210058
-2.1068294636953437
-3.431607135879739
-2.327121692436678
-1.8765866320104383
-1.1185475394628797
-0.5398863073455318
-0.5913353609687056
-2.275549492883748
-1.56603032927406
-0.4365959907844801
-0.20365346225145828
0.034001151550081155
0.388581735255491
-0.2972377154063654
-1.112502122824285
-1.2409645597196204
0.0701618767369076
0.5108861202451459
0.19923880816502498
0.3521285299145195
0.03349062015004711
0.33869745348004987
-0.030038497389998586
0.0358356724648452
-0.22707790457387347
-0.42074719102351654
-1.6368484984247593
-2.414763592239365
-4.081475956180972
-2.775780094986656
-1.3578090163339942
-1.2153937370521026
-2.2010756348922733
-2.6523421677001324
-1.3076159614659821
-2.083184384919316
-3.184385331666994
-2.073970415162856
-2.5342983368524976
-2.094670932275258
-0.35655594553996506
-1.0521123284700424
-0.8189998192148936
-0.5916015628644429
-1.1358339533444024
0.028322798716386266
-0.223204309079691
0.19676692568045379
0.6753317491384015
0.5936086616673117
-0.014056540004652424
-0.5288838154828728
-1.3920780041417755
-0.6683566378136578
-0.23763695032217322
-0.017297750368149345
-0.15205657157942173
-0.5590390793422284
-1.264281583220714
-2.6106752227701873
-1.3311366262499678
-1.457298690781108
-1.354010607644475
-0.9589273831238905
-1.3441491845138485
-2.4455684673376323
-3.51959842380754
-1.5025631283685414
-1.1065246683351972
-0.8074821785043694
-1.9253223055765951
-1.322793536417302
-2.1791540311246234
-2.0742110098453894
-2.2897266083320362
-1.1404831233007675
-1.2819460698534044
-1.7977294732680265
-1.7239732327557125
-2.2798283394288146
-0.8875332376405805
-0.2902686400660941
0.1648425046296098
0.13724954286014085
0.14735603845746298
0.07069391780989814
0.24905156351110824
-0.08534227290292498
0.10839742411899655
-0.7222553209309385
-2.6568108070254035
-1.9110038440167756
-0.8908731314595996
-1.3682190294773027
-0.8768918223729028
-0.9356802094009041
-0.33068213055363294
-1.0858039317420487
-0.8584256464771658
-1.179000882178209
-1.8670067356784
-2.8326794063459615
-2.7295265807340963
-2.1930238233453103
-0.9915126526983884
-0.6707245704950708
-0.16556705608051692
-0.22989224244962247
-0.16445018426570923
0.029009408269262182
-0.5811028443629709
-0.15122528044481648
-0.1438333988023408
0.32845744773611163
-0.03742226718568109
0.4578338790770703
-0.2239074620229919
0.2915927287454154
0.31366476541235366
-0.2181045592214029
0.09973644199326037
0.19377122778675288
0.30764434324799383
-0.5919011721995665
-0.27813527625393447
0.09788164915566716
0.24791307364226445
0.36001507699070023
0.42594438784555333
0.044592935991930205
-0.3778526015793681
-0.6395830713495692
-0.5418944120708095
-0.4079723089468914
-0.37398492493118685
0.2298700539563739
0.3668127702021996
-0.30765492990187027
-0.37210376838804704
-1.901216779983125
-0.23387620023921496
-0.46892908198150196
0.21557912681957714
0.12483702169592253
-0.0030230034164229758
-0.6378612561851451
-0.70642265121948
-0.9223083660143722
-0.33121300355717687
-0.4992011501144623
-0.2895706836114344
0.04527726600355464
0.2797076209621153
0.316090533274325
0.13101229604200232
0.21897024402917953
0.0789352309358774
0.15615198657076862
-0.0832022941718902
0.12967864270595664
0.14043288182418406
0.2713259120330388
0.013462626697555102
-0.44322656914794867
0.05977804417434479
0.2865341942127215
-0.005637341090793113
-0.009841946921513606
-0.20511539221723812
0.2019991089187504
-0.3543259730807234
-0.11254765183464738
0.16002809316487343
-0.010922855140960808
-0.9437385783574304
-0.5896778103277986
-0.4431243408009502
-0.17392016146606504
-0.1906646055453281
-0.055157817506615414
-0.2371380803952057
-0.22822483013418937
-0.265547755388757
-0.7010307116664408
-0.8230802277717623
-0.5124731951651411
-1.2968901051970674
-0.2762769439983997
0.36751788689477727
0.3899947589301589
-0.2764153044342722
-0.6891667243176467
-1.5319923917676612
-0.5764942050083616
-0.2963632206981784
-0.2034249902804798
-0.3344201045143052
-0.011763597446381752
-0.5139387914405601
-1.9273745241748483
-1.8990914795092153
-0.6651504509605426
-0.0298054643411281
-0.13777124354876252
0.2844838977935926
-0.006499724813348484
-0.32172193283337525
-0.3627337437132395
-0.20397077155884913
-0.02691758502512112
-0.0702302869112135
-0.6646622772860247
-1.2993873877921156
-0.3985877903952747
-0.5377673376791494
-0.16673790771172003
-0.21223634401965152
-0.5558660796351214
-0.2921178746446932
-0.292163545443449
-2.1930083429769853
-2.45224510120586
-1.7913412015473305
-0.24463783004019124
-0.19069516467832193
-0.5371642898652116
0.09118085091606049
0.2180103981530762
0.2844823627266655
-0.012620671526253902
-0.5289469699203049
-0.7701739581465955
-0.4220042201483326
-0.9183626250387001
-2.4176884083169137
-1.8485915767323133
-1.4758601401465348
-1.4702003503606873
-1.7471455059633376
-2.9824051233739635
-2.04405095165811
-2.446804628996375
-3.0067220126440626
-1.3663722431155483
-0.709092717118655
0.09212921249587092
-0.0073881953074586
0.17110514284098144
0.10438490843860876
0.037495692928773305
-0.911000704439966
-0.8658405326176692
-0.2812404983879906
-0.25566081500699417
-0.7434064387523943
-2.003815896845916
-1.453539393138036
-0.2524615867082471
-0.0828588015042975
0.4087179795954268
0.3119145221487549
0.11242280208135735
0.3894655401263334
0.5415589583976401
0.6690842739743386
0.6169980369544592
0.26380871614424506
0.4747684494915356
0.5625220225888987
0.6979562249050412
-0.021329089848902194
0.268880028912169
0.3006578104027623
0.41032529052850375
0.306521985282054
0.20754141118757596
0.009162947646382813
0.4003896072707869
0.3905837355728604
0.1207338152623827
0.5239805532429798
-0.08880338271274302
0.13325115734074283
0.07489265342223178
-0.13537353025462806
0.23435498791414194
0.5363850358544393
0.5652972268384756
0.05257028726638979
-0.45280265489128635
-0.28972509281964093
-0.8285116939432003
-2.057848925986474
-3.146260411763867
-1.4072677843782295
-1.3542300423836702
-2.867964298365859
-3.6904368252823745
-1.1039833276083146
-0.13816490274550725
-0.43255631557930135
-0.16236037665087424
0.16948215779969006
0.08569747716794723
0.09772641109807106
-0.9605652014271452
-0.9057185969257766
-0.3859284728077592
-0.1993816938078462
-0.35163683644013105
-0.2366352893483112
-0.8450521277660538
-0.19420960501476422
-0.09659954725742867
-0.8727427844641239
-2.104785092193473
-1.113980787809455
0.09306373644746113
-0.05376770416139387
0.019459739034241808
0.21810421164170668
0.5194901085873772
-0.19500637221477576
-1.3223187729602874
-0.726919839619252
-0.1658021100606849
-1.2245991890341332
-0.37878110843521895
0.01813000310412638
-0.2503289969516557
0.13058719115056483
-0.013619884714359237
0.009348351306509517
0.21005711091651474
0.14804890248645847
0.09250157877259563
-0.19103200164792045
0.18655292833579773
-0.24754233302777648
-0.05789752455154795
-0.2405356007749137
-0.06851511752900505
0.03289856027361149
-1.3701035018032024
-2.504331219039844
-2.8461604185028198
-1.1712160389857096
-1.7401564050362746
-0.45902899139900166
-0.5485439871045263
-0.024581524899699503
-0.1847003836294217
-0.021106492604870908
-0.3426413568003243
-0.12696991058391213
-0.1874133614396057
-0.05632832362312398
-1.0069466889525396
-0.529885427558481
-0.6065905471923309
-1.273365454170134
-2.733496301256323
-1.2714039211672858
-0.5040981109985802
-0.9746125591427947
-0.7443593822419294
-2.1191502673985276
-2.574475527691137
-1.7848677160055737
-0.5512026185533085
-0.6759742569636275
-0.295411546847388
-0.7758773660901581
-0.7500868251362094
-0.48909452823457933
-0.2785604353949653
0.024803680630677283
0.022811252909724578
-1.3189804904787907
-0.5810568696479188
-0.003441842130430528
-0.04952987962449473
0.15104336345893254
-0.37549672100419473
-0.7557599825539314
-0.9887158669999292
-1.1979332718747908
-1.022365405855297
-0.7919546672692753
-0.5682068385159804
-0.8408551124684512
-0.3218520088779584
-0.36256663731905703
0.17904192304407968
0.5516266034894494
0.36610910560749055
0.5766102352010559
0.40442671517720263
0.5916862555020402
0.3760677933839959
-0.18054528242576523
-0.2674418745044656
-0.19255754735804997
-0.8310932163386223
-0.14143920959381825
-0.28476395179956465
-0.13141622211076054
0.2782560233968808
0.1723261951892736
-1.2050054099220824
-2.0178024033100272
-0.22267745691422025
-1.3011760954587346
-1.4674822821428228
-0.6663012875106322
-1.2178624702630714
-0.9827841903926241
-0.3343884678529679
-0.30634629777887284
-0.5262824329245854
-1.013332293799087
-1.4023551745363072
-0.9567075302708886
-2.1103360952267387
-3.1389694665507215
-2.0056437983962314
-0.3646494310477088
0.021350654411810055
-0.18720410243835228
0.031145623517799537
0.15525480066484698
0.3615811123325652
0.2511488123398189
-0.2771755608008934
-1.4925090027164263
-0.29058655773686093
0.03128622437459894
-0.016452397368015542
-0.13835219536204418
-0.9551513797213604
-0.4613592385250808
-0.5005793479529752
-0.014423806709932013
0.24859801636434542
-0.06210170896387551
0.31742307021618554
0.1604380916302136
0.15345534797973132
-0.2793054851730754
-0.9579868202730757
-0.7245269119884685
-0.9385329096009196
-0.14996404925130546
-0.11672916750675277
0.3045736048978478
-0.11744793198605641
0.3213563434127963
0.5918922507678129
0.7201209917589125
0.5696745482183462
0.5752579993169346
0.9054795299910076
-0.5523296869783818
0.4513763958095163
0.3376494795698549
0.5227113894435281
0.14774599084541512
-0.04327347277364127
0.36939839619713155
0.03335988572845355
-0.21281055245148467
-0.46553684891032354
-0.09648576593970981
-2.410997527483268
-1.600491402042394
-0.31249343287243914
-0.35650152459667983
-0.008056934053733533
0.2184756194031458
0.48698466044467037
-0.7460815883613667
-2.710109952742181
-1.1665590206297924
-1.6381280296577123
-1.91816929219145
-0.7546786903584121
0.013373617485379297
0.33545373642712173
0.2620759721668041
0.07179837021176483
-0.6036610941019445
-0.23147177622317436
0.10167515188330234
-0.02894783974717352
0.12987753106301647
0.3140794413084055
0.5488958662801318
0.26544302061484215
-0.3705065393059058
0.15421560274762375
-0.9275496598943853
-0.16279899849294838
0.12487907398433862
-0.13937014756803565
-0.8858234181694065
0.10186313015696219
0.23975608278254457
0.0622181960900961
-0.626960969395449
-1.1769465094809024
0.20839757060041614
0.7119510156745346
-0.2540613009172772
-0.6378205440228214
0.10648604227041647
0.4317074179496555
0.5537360533420163
0.37522504441324533
-0.5187126734459584
-0.2041179441642291
-0.07827533893678662
-0.08295266294269585
-1.6858561170199047
-0.3221120019257464
-0.3985011352058787
0.1135919274429052
-0.06689973831374421
-0.4823206935725866
-1.4620180664460602
-0.21741827128305186
0.4400918005514739
0.4913581688967382
0.3704360804164831
0.5821312935736264
1.0283147467418527
-0.06511886492091717
0.27984199599387805
-0.3709983983676455
0.21888831933221514
-0.2665478419987834
0.7915499472926383
0.48848008184368186
-0.5090375559967018
0.07646970537669101
0.10948692453839365
-0.061205203082333154
0.19809268049759943
-0.3251472706771596
0.6755439023663229
0.9008735466336303
-0.05542184689137186
-0.6647224480176723
-0.9527735502047876
-1.273474583382698
-0.8287868165996723
-0.8329639152478652
-0.290119803225646
-0.15315694439062494
0.051080631937069965
-0.03936584917905206
0.012214930974448646
-0.6216773226376542
0.1525213687252419
-0.027477217506682777
-0.3640278385896094
0.19450483734111707
-0.21824618726002712
0.40679049909402765
-0.04135529938972793
0.32453129087380805
-0.4650672435261983
-0.7441108532943433
-0.1480023491054268
-0.08498488874402044
-0.07789531876042355
-0.41522375249535637
-0.7800836857263747
-0.41848728741569974
0.10603821775304462
0.2292836447585559
0.5832278640910606
0.4044473877840383
0.13055387852044742
0.3490472670532735
0.488252992785425
0.8124553700332416
0.6637637784082411
0.6147910772959793
-0.802553583413403
0.025378271407277164
-0.6307821746791804
-0.25532547227378155
0.152776693826856
0.278229607226271
-0.23192363898939072
-0.9631601395544578
-1.7527307015273386
-0.9682632459082987
-0.19037461914267875
-0.2876843431178271
-0.11436904295581873
0.02855361963065517
-0.4613393466760618
-0.4894394400375005
-0.28912363219630977
-0.059466508302109033
-0.07520094515594147
0.29429410858976235
0.11680877328685135
0.7743433761230339
0.8837680195500911
0.768644052440444
0.8732896905927815
-0.16174168045455606
-0.44022963046471253
-0.33393816044577596
0.11197848578233366
-0.308277847101857
0.13761258032859913
0.5493794525249164
0.7965724591590485
0.9347461892659873
0.9192426821184544
0.9863945688818628
0.46949988812529975
0.8829274742562322
0.9271391299093817
0.7249036029449911
0.6015814492743069
0.5859458276114926
0.3189017622456395
0.3445581184415989
0.5073386623646788
-0.27057295054029673
-0.21514458759176683
0.017453241903196304
-0.47799891374733294
-0.5311882022105949
-0.5933510559888118
-0.27875002257246884
-0.9161903643273716
-0.38775230629819724
-0.11822906620534579
0.14303986856342304
0.0719005796076494
-0.28991417210664705
-0.1992063560152025
-0.06699140545882995
-0.3904324203711218
-1.176002204284336
-1.4993479437138961
-1.0655799381294073
-0.8199379496838324
-0.5413843806050761
-0.35026362437994196
-0.4636471754222611
-0.7258785922553577
-0.8058294526327582
-0.4644361561096704
-0.23349734046833986
-0.13347465239018658
0.11443704382154846
-0.2575432099703531
-0.14304704293003928
-0.04668510690774813
-0.49586444960899734
-0.3792842456831339
-0.5739145464190889
0.3403836145896203
0.4749849570092717
0.45596197834058283
0.4212404287708227
0.39515946031381033
0.0876443583965455
0.4352292067167026
0.3604289574071835
0.49978809534155777
0.6048915775912099
0.3668403010665461
0.32966828438288664
0.4315092396651372
0.32498997080623193
-0.3181861996052609
-0.3282882423846421
-0.14106951023801445
-0.3764500454645976
-0.20475868170218123
-0.1899208141850557
-1.2663025926256029
-1.8010979122661106
-2.0549216696060406
-2.526479204613974
-2.4496359556140286
-3.0956010081351093
-2.037123699328807
-0.7856409528160297
-0.05574758709339739
0.06439276767936986
0.26503382440958034
0.14439954288361773
0.3055298051189024
0.4373783899622271
0.5415990153324641
0.4580826303745129
0.19910158231423053
0.2220111771441875
-0.017206589634301245
0.2823326838462141
-0.18340367741060615
-0.2247303610108204
0.18776119903194333
0.1488231488843182
-0.036979779920868594
-0.6313005332049879
-0.3978093263259107
-0.21115212378553375
0.30981995614000446
0.2956272859234995
0.3492609792860091
0.46526869514522506
0.3335019950020266
0.25042307412158726
0.4835632468629776
0.3535234317306841
0.08316668920220244
-4.500677404712982
-4.694791329162023
-3.7129912314062543
-4.209763703738323
-4.0810282190733345
-3.978162294760686
-3.522056291494398
-4.132736493071574
-3.800541903326263
-3.4192484429625805
-3.542445614280615
-3.827373781629599
-3.5642024184657797
-3.8214104169420966
-4.107844411036221
-4.848055924659149
-5.284211953803498
-5.5161475939980935
-5.805246298422784
-5.792077977266182
-6.195301440811789
-4.465086207368389
-4.499655551641379
-3.771208351144198
-3.6460576901079547
-3.926159962600366
-3.59108916499883
-4.186800505668401
-4.03381317275251
-3.6736717780377104
-3.9923675442203748
-4.306266522920219
-4.3783156162833095
-4.212537815143787
-4.094578457999625
-4.14859093321366
-3.7756189146598147
-3.561288521688455
-3.9218524000137767
-3.4907352040160253
-3.1067400738292203
-3.479361319336704
-3.8124494210395827
-3.8093238579782778
-4.016104436935603
-3.793285734961755
-3.473665479109925
-3.3139606136815543
-3.1919523105292957
-3.0462125212334645
-3.1350510691543314
-3.5265206543474634
-3.5278353013639565
-3.3602050041935887
-3.1541140242344152
-3.4374077198441735
-3.5435722056258157
-3.560818972953231
-3.045399161887073
-3.43812905976935
-3.45848807808338
-3.531552858600659
-3.75436429833283
-3.6468182282922097
-3.3506225126431355
-3.3184584431162247
-3.539257498329526
-3.6679415551473142
-3.2468030740933402
-3.137882967987387
-3.1051902136835356
-3.0967259712219213
-3.517560304722948
-3.6024421544886374
-3.597043100019055
-3.4360997853531186
-3.1549145624461463
-3.286963500897492
-3.224250928403863
-3.538340204340243
-3.6234023162964726
-3.2698327871269295
-3.089459475332746
-3.185626461347286
-3.4157854709359645
-3.455404295228361
-3.284898918265317
-3.488686758673849
-3.107462717111663
-3.5204815774658558
-3.418875020911435
-3.601029081463931
-3.562525993685579
-3.0577892110542324
-3.3704926079378046
-3.1366997678722885
-3.160621381620114
-2.9971277746414295
-3.0731327480034376
-3.1948703622537207
-3.00545355882098
-3.7427340500520807
-3.7162007828240795
-4.055028342754854
-4.826178576522683
-5.202270420848556
-4.9436931081237585
-4.395127097482184
-3.9646504187631884
-3.928906489825959
-3.5370203191875187
-3.2108323109682466
-3.3489247273080096
-3.8435574284606915
-5.721683411500963
-5.898794318763941
-6.905432283453463
-7.05204995348061
-7.332242038444696
-6.0824119678981905
-6.238484220034988
-6.019254768295755
-5.787845521952773
-5.1248317881514005
-5.49669458434271
-5.983140973303878
-6.021227918767104
-5.2297847397326835
-5.878118433625837
-5.721441142904238
-5.284344651387512
-5.607978692804333
-5.149339925597799
-5.023307043292877
-4.89702655234466
-5.07636237944241
-4.7976104880185035
-5.595501589670355
-4.796438864613405
-4.553065910124047
-4.673934315873381
-5.523739554118697
-5.263369664951282
-5.504154535183662
-5.073589194655324
-5.2664847896342435
-5.9182036460635254
-4.786573334619985
-5.017650465704342
-4.978094666709222
-4.815948092445235
-5.1160977411031805
-5.0094456491401145
-4.6661146698123295
-4.680809164688343
-4.626663294100833
-4.5491875971671485
-4.315711801239058
-4.821073236606555
-4.712429431731119
-4.7826857454890765
-4.46394627621731
-4.710850578560398
-4.49701803959137
-5.099656611247147
-5.032858880915933
-5.26488521763331
-4.581848504520779
-4.937342762752873
-5.296772381307001
-4.580745987799671
-4.709344416109
-4.1297022407174
-4.689982592801691
-4.694633744457824
-4.751659151524548
-4.618681020955408
-4.999134886976816
-4.79648425492699
-4.891768317588263
-4.848716061677509
-4.856298118167146
-4.633966121928029
-4.481312971011997
-4.22704169263206
-4.07279995432524
-3.910076993908059
-3.8427025042542846
-3.278396750243571
-3.7786737593157356
-3.815922457927279
-3.6307869795005687
-3.906135548674866
-3.619364442176493
-3.530471518875456
-3.536775791772817
-3.3815348895402466
-3.460897467761775
-3.552265264076295
-3.3584562959390127
-3.217592130742732
-3.1850821886267267
-3.211569022003404
-3.1202772595401465
-3.214378403924145
-3.163346897161822
-3.1434802770889037
-2.981917655424306
-2.9502599700874854
-3.0140903601000297
-2.8902452305526842
-2.771435447528554
-2.7806167157534794
-3.3231158332636626
-3.043264588370357
-3.481782590797183
-2.972669041086879
-2.7906703178264474
-3.330289082193172
-2.748020210444353
-3.020941720048016
-2.765396741773139
-3.073406295969684
-2.87511081400183
-2.887512362635083
-2.838288015268315
-2.9712046870093647
-2.5460868183113563
-2.7473130368477383
-2.6057932500718066
-2.619106345418164
-2.4081384650012576
-2.37768505994618
-2.6559342471359098
-2.8741388037909688
-2.8334222302917422
-2.842097617560809
-2.8442901140463195
-2.7489259263449353
-2.416671728644323
-2.692557753435876
-2.878511201785275
-2.9242113332039876
-2.989531591140315
-2.7704103926057755
-2.999578367583002
-2.575496578340723
-2.411533355143328
-2.9416410943697326
-2.405402773505457
-2.755758993099079
-2.7682016612145697
-2.542159061847089
-2.850098013832903
-2.7116992128659954
-2.608837287357074
-2.7522048571352378
-2.7133054507355086
-2.6975641933655465
-2.601062568763627
-2.401779061941434
-2.2353981742169196
-2.9512637345138524
-2.7532701793289704
-3.0707436581034155
-3.1058968047538236
-3.0418376740633937
-2.584255718886046
-2.6033878739152847
-3.154835377161164
-3.2946354439079797
-7.5079545070393126
-7.491732779238102
-7.148204000524362
-6.763498477133439
-7.073950583033541
-6.799542009502054
-7.080060578770494
-6.788239697504732
-6.645607373817936
-6.894336586031796
-6.703477975416135
-6.549863326512271
-6.340213884609081
-5.5133975496703265
-3.430476102538819
-2.0184955605745847
-1.6089760525839032
-1.2967958599452012
-0.8844413059676266
-0.6483495240434091
-0.3614209380564695
-0.9866334969790246
-1.0910422363799486
-0.7290562248362747
-1.8173333894484291
-2.2366321854428124
-3.029621913106428
-4.382257552766282
-3.11739038860361
-1.7898585265536466
-0.809563672095884
-0.655699135823067
-0.375702615112384
-0.2132650581569155
-0.1535125837008799
-0.15639373839865983
-0.13549281000023425
-0.06783162564290615
0.009823040800399307
-0.2015343240195993
-0.5366899489764556
-1.2677044059608447
-1.5129731651277076
-2.155155678518207
-2.130955201706397
-1.6935489608950194
-1.3240809741324626
-1.2552199556236747
-1.8493760709207505
-1.497557797305455
-0.904512912347837
-0.3169665738522
0.27186580802076865
0.15488946134871984
-0.2526123617752255
-0.09311201149530565
-0.4685225506389083
-0.682880379635805
-0.5040693955519907
0.0015508247164244815
-0.05605546625212057
-0.030295061266928047
-0.2099028053956477
-0.9236754490216336
0.14897157039816783
0.37380982704009624
0.6835756734569283
0.8116672351076085
0.8500515210284395
0.7233017022163559
0.8579730305444809
0.7664027596154434
1.0690380046012815
1.03295516637638
1.0836520660830233
0.9497855283609934
1.148335866019274
1.0630378587194276
1.1118081852411619
1.1411038366197386
1.4575167827569624
1.5342829031006313
1.4245485933633733
1.6146602380669002
1.6083569459366114
1.180265780821133
1.6735979733974968
1.4085965255456627
1.178203619621255
1.1928113938172178
1.1041333019758843
1.1646236188370875
1.1017273413217827
1.3954835300272936
1.3363662678566324
1.6438785116424577
1.503479012103738
1.0503402132550628
0.06799200194633431
-1.6991892342964992
-4.043135622932133
-2.8846752844120322
-3.4479564345445763
-1.2287451956935258
-0.0022204200985708744
0.13263315150683053
-0.09683828566186664
0.37755163119667257
0.38539303241286615
0.4654572938559386
0.4467281520756655
0.17617425073797094
-0.03138878150803623
-0.03840775780644984
-0.05172607560083933
0.32661337117777967
-0.19246837299036623
-0.5397996389832371
0.07541034195996638
0.20869428196564416
0.5448628734050748
0.3525504531521808
0.38133182656827713
0.365284762624666
0.730998324695764
0.8068259890199131
1.0323249363612246
1.0212070407289624
0.4865305013123976
0.8004647743412004
1.2700353256781556
1.1653161510127967
0.8140376162942998
0.6798361399129003
0.7057093383609764
0.9990463837170834
0.7914355360776039
1.0055115607630127
1.1270108845021838
1.0599654070405036
1.0726440443757022
1.1306423762325113
1.197796304195148
0.8494501284116186
0.6056145319088995
1.036325965573853
-0.9932258825519064
-1.3390278120472003
-0.9433777958164244
-0.49381695883479004
-0.5688761418345104
-0.07589810119130219
0.388130718691737
-0.026243091542768632
0.8593334913145702
0.7728298516755715
1.0849582198530374
1.2605147257869898
1.3020502378464434
1.0938502421889393
0.44988379576811244
0.5171723856700714
-0.45977694255246865
-1.2907806691267383
-2.983939623265247
-2.515880146401302
-0.9069948172573986
-1.9775198490751498
-3.1760413309053477
-1.6434244481793838
-1.172459797166035
-1.7807236807329518
-3.2240510734256462
-2.4858649493454616
-1.6442148094399887
-0.8556529465412687
-0.27493581783132776
-0.14642780182621312
-0.1942079203374295
-0.5108235267024757
-0.7780750555150237
-0.1693471721858354
0.3094908594482221
0.551673546403795
0.8082202751186321
0.754638259759734
0.9204105899832321
0.8056811862000294
0.8441344040738431
0.32440138991297407
0.5369301376825464
-0.25211681401744274
0.2418688098315535
0.4225036077590465
0.17635369195399792
0.4572699695368674
0.6521455261196275
0.7668834887841737
0.3238345984054417
1.1777111812386676
0.7415689491627425
0.7875135158872658
0.1687803679954269
0.4022292785464149
0.21609563894233852
0.12241854116961526
0.04387595532763505
-1.5824651228359121
-1.0572811199558085
-1.4039694783218075
-2.4103455469845234
-1.2506759076480667
-0.7732551193669678
-0.6110640912365737
-2.5273756787650714
-1.0431949439867685
-1.0891066076747014
-2.5236280431251057
-0.7472969676520681
-0.33982866893169866
-0.5538728843438245
-0.46700989560331563
-1.191745572737438
-1.047578582891723
-0.014714629320418837
-0.7305119732005523
-1.213425465149702
-2.0388977196033142
-1.5420740675927993
-1.7399832329996432
-0.6975132544423744
-2.7289192855501665
-1.2894356426794018
-1.6292619506046946
-1.8348524309166057
-0.15247849550893147
0.8293181145867364
0.8462486249843942
1.035848830194181
0.8240950341965961
0.6351038834174149
-0.27295820708710805
-0.9897770618870921
-0.7204077455153014
0.21885089943894043
0.8626954176303193
0.6781077801885425
-0.8569476565163164
-0.5956933477861777
0.3217002294289748
0.5996704392941848
0.8620723170264871
0.8098002676326838
0.899841290812139
1.0640938960619049
0.7097109329956073
1.1519350268702264
0.795098458803935
0.8227727559678456
0.7582520128002831
0.7899355780414844
-0.7887507532922716
-0.07404005380826303
0.5842838231954046
0.8454323278298547
0.3879946181616759
-0.605647020838859
-3.072976677088411
-2.6995099014735127
-1.085904281910968
-0.6160103799766969
-0.04717811918836115
0.18974626684468004
-0.12269836091200353
-0.19071402486123284
-0.42322294334170407
-0.31357392190321065
-0.5246284111963937
0.016967092693716268
0.5802829193564066
0.3373424712739853
-0.04812874789750876
0.4360981577053573
0.7490748352798021
0.3677986617391582
0.39039677688794683
-0.7672308611901454
-0.7016283502612588
-1.515094480038047
-2.0929577395148256
-2.70691008301131
-1.0068924631879577
-1.795042185702227
-0.6379010669755538
0.2105154699187179
0.5504311187821004
0.5453395143759128
0.3391817986245873
0.37422866750508343
-0.06541606267895131
0.39702937093236035
0.7536151275592536
0.2750351830281541
-0.9698841211798258
-0.6911573553784487
-0.08107838796286287
-0.37561275242722447
-2.0095546635873385
-0.8930202819469402
-1.0611387115374393
-0.5421323637872755
0.30519594833178976
0.9393692291927102
0.7304407192659138
0.4615165380528514
-0.4752560258007136
-0.6481631625129674
0.26585013603720553
0.23548151972214748
-2.221494864138557
-0.5192932443576761
-0.22539858967608456
-0.8485212047952017
0.15970988555042753
0.1764483764683606
-1.6188348870548737
-2.1131819967678287
-3.404069122965979
-2.5707636914753595
-1.0653741529888363
-1.0873722976356883
-1.256947377854329
-0.8847079158484239
-0.5125161950634427
-0.37443543486539016
-0.5755246786360048
-0.2223499619911923
-0.8590528303439878
-0.03319846268552207
0.013552164986080584
0.2655936267743758
0.18870437380305272
0.10162458961088394
-0.40478467254685924
-0.307941790304349
-0.37592474160034256
-1.454108594852873
-0.5788153196717238
-0.5910564881464363
-0.9016729410434448
-0.25445919573465614
-0.9047695227850986
-0.8868679022775632
-0.3666888893008502
0.39358729297648776
0.6260071930312797
0.6013491211527807
0.4501667990953102
0.7242648270265486
0.16606138994505099
-0.3729553229346452
-0.43763191223028663
-0.48955864412932093
-0.8088016555832388
-0.1564164726997762
0.10249630559218137
0.05832948312485481
-0.644297532790431
-0.7364798476189613
-2.6767031298712607
-3.9648855921248085
-3.5302809568349045
-3.476894647781869
-2.7997601307425586
