0.33586729554816586
0.34266666245843314
0.06895668006200491
0.09166183239945656
0.4702818757785736
0.2579718391845969
-0.08341749722917682
0.15269957881914625
0.06418577291622325
0.3820799287340838
-0.43496875625020026
-0.6073701116728285
-0.11234405528235783
0.3680108622833269
-0.07683063532092124
0.21546190860128023
0.5640787208222746
0.4651900036568154
0.4140426374871363
0.6559999955116868
0.8084481749644974
0.7066728244445849
0.9278781741637816
0.8670663942156644
0.9420079651342862
0.876349456682722
1.1030508448960998
0.5464230159546807
0.5041290186132792
0.4537388324744327
0.30249154989745397
0.6571968902053134
0.6298855554295167
0.823710060325912
0.5959734724216236
0.4260577390400059
0.6872108701576485
0.5358252177966851
0.5601247610493132
0.5687153628634048
0.6575315286438226
1.007187434307222
0.7797437980005425
0.48250010237535534
0.44409096076359234
0.17334776894883758
0.6293471753154829
0.6134284595556971
0.7825144147241545
0.6498110663629642
0.6053533808256569
0.4797616481771846
0.06518831393641217
0.4672824054281718
0.21887767195968486
0.38627479137144216
0.39204942403684184
0.13490887251936734
0.7925338012322434
0.6712055990397178
0.7103810678741784
0.18536292496275486
0.12467187253179192
0.03279618480834831
0.33648930021449025
0.028384245881862835
0.2232017146232148
-0.15284282676506047
-0.4325994725175548
-0.3858490199272093
0.18139126887592666
-0.2672677943802807
0.10422317368655157
-0.02184036959389446
0.6420719714066803
-0.07875468052705895
0.1950817239513822
0.5378449020294808
0.9167380197171825
0.7727966619209811
0.6615107925490876
0.8946351062680378
0.7873407669941322
0.5148118898906174
0.8557330154376768
1.0934768011946459
1.0803723521023696
1.0490119998637217
1.0411676666719438
1.148579418935664
1.137327547553117
1.1398006430511076
0.871535266507034
0.9612383264558378
0.13289509230243948
0.4175555249967089
0.6813398548556996
0.6383423944526517
0.7945693789760623
0.6676314177790225
0.6632959147232309
0.7446662896874672
0.9008540140790058
0.6038290532471431
0.7638373091782993
0.9939826597709945
1.0082259674162244
0.9507133626740699
1.1327688553020252
0.8149413722179127
0.9575381124998718
0.8806874242260716
1.1012054831752318
0.03880284384169097
-0.29624284699828407
-0.3551744303623181
-0.3469361342828452
-0.19643003304042558
-0.16526054276461147
0.23213408950548906
0.39143841282521663
0.03603297730992286
-0.22813431767006456
0.22328471669312133
0.21323607055082056
0.2228680457866169
0.498220635061458
0.7143305438615272
0.9529643227100123
0.6005067402604568
0.9728935685965696
1.2792202767257264
1.1130334886743267
1.1319192893365484
1.1490309677410195
1.4642642615461652
0.6296759344995881
0.8318387919567873
1.1955020452840683
0.6031815390048927
0.69671587953128
-0.8938612655333371
-1.0760067710539432
0.3519163003469449
0.5090028914807938
-0.9528147121926296
0.38656204704065666
0.38174947472325504
0.4797224944990609
-1.9252164761991664
-3.116007291220859
-1.6178826891396283
-0.9584634964240586
-1.7696715603099902
-1.5646464715285033
-2.5161701425562577
-2.250922514360415
-1.8069152581847545
-1.756787722896689
-2.67608957244052
-4.284992734125027
-2.1106082806143274
-0.479816784433998
-0.003887641800847691
-0.2793850283476583
0.14649111844481386
0.6803576935161753
0.5578933047123822
0.6779678707087093
0.8558521523885022
1.02491512072137
0.563788119594715
0.48505038149182533
1.2015820205631749
1.1880281556233132
1.061006715981285
0.8593881265819852
1.1891992103781315
0.4991987522149266
1.0074591853719304
0.7110449367623446
1.2473184873689962
1.2668597137655593
0.0061075497941489865
0.8543793882091278
0.7256118442661198
0.7322003211282688
0.164393023342595
0.765986459309132
0.3887554313728272
0.5478977131248307
0.8810701172466119
0.6162478778274963
0.4378444919956319
0.5448662766964791
0.21821219859623597
-0.01999164791394112
0.09211458301556077
-0.7466316841313445
0.07669555421011885
-0.24399229136413828
0.06271891468577365
0.265325375881276
-0.4482959979434157
-0.3333794360563678
0.24250771828412832
-0.23491311019138125
-0.007152800615498028
-0.314767901426248
-1.1105588289191732
-2.774612463357812
-1.133370848211831
-0.06449666596577255
-0.18224652346174067
-0.29009705724512613
0.23144704727032395
0.2767734761841868
0.29492403320815264
0.3368724362960044
0.20612828666462843
0.5387330484657695
0.8226217190832211
-0.10171054412921413
-2.3101521365213555
-0.5886793409993654
0.4235101568472017
0.29139153506908855
0.6261655375649526
0.43001769017040103
0.048715230009112376
-0.0760967387621945
-1.0998100271476703
-2.130142733818574
-1.755774317316568
-1.0139203363803235
-0.6773576569583303
-0.8115801111986476
-0.07054699305255713
-0.09980697669739877
0.039324440293608
0.473448924993226
0.39275100073365243
-1.0413384994330506
-2.110620221831895
-1.6307714018778012
-1.3997068444135061
-0.9259515225732406
-0.393848742349284
-0.6379927525896817
-0.3301314562687421
0.26166498415337325
0.6856659579136424
0.057681218526193734
0.5413925426734962
-0.8010690117814211
-0.04693611942504075
0.0609254221167658
0.4613156389318711
-0.3827350223536681
-0.007310261359685072
0.15649270177881486
0.3998548967431407
0.7740218426116474
0.29821051081165917
0.05362525133140744
1.1803104910477455
1.0849563490944276
0.5117232588872287
0.4185523490779737
-0.14238020834633738
0.6828446857786132
-0.15659653572363977
0.009353467195976364
0.005717586994088794
-0.20693313814615036
-0.4721780109341418
-0.0447477790603408
-0.5177255779812164
-0.6650850074693467
-0.9200249296300314
-0.29513117549395484
-0.7754499449125304
-0.691159768381366
-0.8832667752592083
-0.5195446218634221
-0.8540270628227011
-0.35099773689722646
-0.14486002910775422
-0.10732707178762108
-1.110965181512837
-0.22675282726267934
-0.49264248170870784
0.29056227936360757
0.7164003417332152
0.10590305578717268
0.3750799012254661
0.35992764457929594
0.7299408318426823
0.8826904348959729
0.9705381904050623
0.35619556882231196
0.8764950688377592
-0.04975344024105641
-0.7181242691139926
-1.4058500488347698
-2.2073322764178007
-1.3193544307406888
-2.5278472927691946
-0.2335496579552516
-2.6113704323311295
-1.460225119448749
-0.3482377574321516
-0.4641033024556971
-0.18303510174005724
0.2931756274950027
0.2363892465525239
0.5086634128691977
0.49590244765799973
0.4886879584577867
0.5297432551065627
0.23172890866562365
0.4317729695098358
0.6865031880729889
0.7314015764438869
1.161098485987279
0.3979477192713612
-2.3260475359098556
-0.5412125360156627
-0.25585713835699175
-2.7513752657996102
-0.352613649907327
0.1411291428698396
0.1697767924267867
0.25682842593245253
-0.031082376143460905
-0.2785371886324609
0.22441036485149166
0.6695720091379049
0.324403892510582
0.11525326652311592
0.11159664017433046
0.12108295813068265
0.8912643975891408
0.8393145975148351
0.2089608021424695
0.7619064501780038
0.8445949653107054
0.31372642670757295
0.5792654157634328
0.4496107777206644
0.19046758346473858
-0.1250171135857255
0.43838308910651236
0.6096999672692187
-0.7219944247903364
-0.31724305482220483
0.12984216289854583
-0.409186783415608
-0.11187758516368282
0.825469804511014
0.9642198988072637
-0.2622121763538404
0.2515097485733393
0.5474781246724546
0.4099778203603266
0.8673272630289122
0.8338699884911959
0.4500391728598969
0.04960581217903656
0.8151277836282282
1.561585467373257
0.5301355461317573
0.9594390019569643
0.7706143324398869
0.9711481148822103
1.0135523430532773
0.7284574061655569
0.8962284953126094
0.9000933822141731
0.3237502609481264
-0.22272157741036716
0.260271490839619
0.6556880473682719
0.6411372292843905
0.7580851640935122
0.23385455216042014
0.7434888074907976
0.9702890172467615
0.7198028999595645
0.791475438935833
0.8284835699804194
0.3354950406951933
0.6131290845236071
0.5207320905462481
0.787266965814787
-0.14206325054436356
0.5165000159404064
0.786765937404821
0.5795787497517162
0.4030545985229669
0.07997229354760631
-0.7436584536130199
-0.007505194775434293
0.29032619577326113
0.49806395558065963
-0.12009983719903791
0.24107624840007003
0.03929856806957063
-0.3377660898046756
-1.7262885100305543
-1.5547890519985015
-0.40278027411071327
-0.1327417400179803
0.4329712324938574
0.2082588966155547
-0.44033227259063845
-0.3872201368161494
-0.052091862534112215
-0.44800916306816363
-1.8101532285479454
-0.2767194704598718
-0.06799933877457334
0.09969386873755076
-1.1945456080797705
-1.2324925562869897
-1.455698031497244
-1.0377544696851306
-0.43926103576742204
-1.0083296907979646
-1.6718621504752424
-2.2699081455359504
-2.3030999612430656
-1.8948881343289854
-0.7379704791132371
-0.20707975516019003
-0.11361259966477341
-0.2752871322374095
-0.34577039441305346
-1.0470766717030224
-0.7094914302245892
0.012387206393644865
-0.8174666909884196
-0.6686016150337373
-0.515356063737448
-0.12719825250602765
0.5122321459575887
0.177527504522612
-0.7693717048361568
-0.3512821014403332
0.20626836845941987
0.3231843351339543
0.4859273657513482
0.5376415679117608
0.4713514690933963
0.7387543467982031
0.6649469875622859
0.22116642046130028
0.5390356590866974
0.15240558351082997
0.3652926480410892
-1.3297514711433627
-2.194140619513693
-1.415400043849852
-1.4276836265688815
-1.913655824677097
-1.2410754995215734
-0.28387052636645904
-0.9236821403661868
-0.6240797001873298
-0.6461443512024889
-0.6967420896258132
-2.3051877030231935
-1.3979568383421692
-0.6169224104135924
-0.2592542235516191
-0.16044033477295297
-1.4269029591768303
-1.4451173182759713
-1.1538012704757368
-1.8826022792629835
-2.2365768533710333
-1.3718616719855936
-2.5441842404166546
-3.445373921046744
-1.3244987180749326
0.05106843382669764
0.1678066735271775
-0.16310234813927574
-0.34518347981411035
0.16898135159387725
-0.46123898046900436
-0.08558609595028313
0.43000431245331505
0.6221486003500117
0.3685912008523078
0.795436222930571
0.36182997115031323
0.6586620851448184
0.5106178558812889
0.3511503370101458
0.5522770928985118
-0.006257455696385611
-1.6121308954522369
-0.6443631330839422
-0.5074714402922779
-0.21952884498756545
-0.31279301136223414
-1.3024956967253203
-0.8562108380747759
0.28413849730965324
-0.37425219767820284
0.5134746970112948
0.6390059670884327
-0.31421186377068566
0.4289897224510604
0.48728390983519043
0.8988267351440555
0.9935228850204365
0.890389502984387
1.0059222785143933
0.7798297474503489
0.7037717781067586
0.582298620813688
-0.21795341665268506
-1.5253937805316702
-1.0635858945642325
0.22005851138428065
0.7687375727499466
-1.6222634464868184
-0.7512081266766494
-0.5425396654580054
0.1964538499097994
0.36586528238203775
0.4698278523303442
-1.6518285604491194
-2.473674024635565
-0.21683886616970952
-1.8106097440183855
-1.1599612259906624
-1.9412880673950246
-3.452815886736717
-0.974192249863592
-0.5541147318085797
-1.0028229953695753
-0.15006472516402333
0.45666658034221796
0.46250041264498953
-0.0461255066811502
0.3266926671105467
0.5219949435034721
-1.2740796201055786
-0.33657200205058213
-0.07001055925315827
-0.004009761962702224
-0.43740637067682864
-2.1707029781626916
-3.437659403510255
-2.2276399115607792
-1.4639873824860992
-0.8118967858788619
-0.2069033392414217
-0.31151568063523316
-2.3567694703735733
-1.3451527168247621
-0.17390580971945932
-0.10280458016224994
0.1253642059215705
0.4929283855659977
-0.34524174083303305
-1.0811404866457146
-0.9340664259310609
0.17647776179296656
0.6634143006134596
0.23289407548280258
0.542452867976159
-0.17327427564233314
0.38327497901809693
0.08036316079383007
0.3159340056284247
0.014788808841766754
-0.45825375655784406
-1.5372592623143198
-2.3533259112579215
-3.8024970424305162
-2.6796665768566688
-1.0501650246293082
-0.823173972540702
-1.9785387206587204
-2.2688364711373787
-1.0435365818219084
-2.253412564168522
-3.0707850041121265
-1.9674413772148374
-2.8521586345163175
-1.9245134550782168
-0.42145401657440285
-1.1774733898273226
-0.45187961151571543
-0.48774173041652436
-1.0203281695200122
0.09233215354433374
-0.20903230759313554
0.621337002732123
0.7933263447380389
0.6314633021722856
0.17494191116306218
-0.26722953436160446
-1.3506088382245036
-0.30114135619276305
-0.2222285920307858
0.14566492090221683
0.15394859719490095
-0.30397394047378423
-0.9929616179420662
-2.614323148830897
-1.2897334331711297
-1.5235021571613196
-1.3837309653262344
-0.935464102512169
-1.423374510860005
-2.5392872064702554
-3.771595183118754
-1.3620060362101125
-0.9068109918689067
-0.7421383023562735
-2.0124974622925644
-1.1005240392898432
-2.318374011356221
-1.8395668728580352
-2.133922674147352
-0.8220788242629748
-1.0878829242366195
-1.5750498866607923
-1.5560084086720274
-2.025359447887118
-0.6259554706247235
-0.1865930316762139
0.32856105377822564
0.41880631955975656
0.377830001812663
0.19454539880030663
0.466530701580139
0.04171053382853798
0.2808468916069778
-0.9278343035883678
-2.988493596597499
-1.7649531182347804
-0.7281506890756576
-1.2831757917094164
-0.8540436531340885
-0.74107596076403
-0.6427085879809599
-0.8264886450959452
-1.0437023567894719
-0.8531758249314004
-1.700902539241438
-2.9952280818908883
-2.7820663944525923
-2.0682894971978323
-0.722728603649387
-0.4804014320918738
0.05279179851715027
-0.20974636664540044
0.013118491106045807
0.11233797390752327
-0.4798303541220459
-0.03167424018852194
0.03452696430542476
0.45631831186747307
0.15367680199913802
0.36818399650169475
-0.042809837259638966
0.36400999602286266
0.3793889599365562
-0.1153502797792739
0.18000355229476747
0.3262748107767075
0.4143917522856696
-0.5095503797029801
-0.1816115721557773
0.19873831341818454
0.3727360408871276
0.28952166852921946
0.6358817694090151
0.24981674003387952
-0.24590163043228472
-0.3013774715990245
-0.13783915230741048
-0.2514042903863185
-0.23794912154189
0.4253070546482387
0.5218759475213991
-0.2538606371888751
-0.6469169168659935
-1.9758502729810703
-0.2191941823728941
-0.3462087647887181
0.21601110887777936
0.19312115407756975
-0.005062766656967144
-0.5749825099645403
-0.6241998365214271
-0.7857138679145216
-0.13637090075091038
-0.3927414059699994
-0.12061982497268539
0.19004529988975538
0.365902483010037
0.376974860047647
0.21117642812470672
0.2875976132679955
0.20989001909156763
0.26581425231912126
-0.0421243053754535
0.1794090017582901
0.2147609760761969
0.3787721271517105
0.2756322630001269
-0.24965530002239408
0.29785686628428965
0.47132486041610655
0.24473845760993457
0.20687186706368865
0.05462324500592067
0.39127500356315414
-0.12033053730169924
-0.08887082769813318
0.3084544347569534
0.043061112884471536
-0.8634211628014151
-0.2932674612528503
-0.34662100005751784
-0.11827763197655763
-0.08675285196751567
-0.10817945412917698
-0.05157489165454618
-0.015605869128621552
-0.12423887845222237
-0.4217439921895083
-0.543297858218713
-0.31015471650843784
-1.0938688940119305
-0.11684357722565217
0.41224411853080256
0.48499464500355305
-0.09961385202786063
-0.42873304073080754
-1.21504766549513
-0.36704615669103113
-0.16121625144792404
0.07556648819911581
-0.17285165304985714
0.06674018698758231
-0.40009967776691613
-2.1478093321151137
-1.7786840547799827
-0.6566778845336453
0.06752173442651493
-0.011463949732587936
0.2760702282942923
-0.09193878616746695
-0.06887328256483308
-0.21499313891980762
-0.0898569419904349
0.002906516774438414
0.09195597645281536
-0.534943420125758
-1.1585323467494144
-0.1325501085472153
-0.3655486653696458
0.07820033842260596
-0.04997730265371822
-0.2648657332376775
-0.06182698166022932
0.01771441793694911
-2.048107983318026
-2.152182231471233
-1.7279454900815694
-0.10402369666529351
-0.2515184399998647
-0.19174596024543525
0.31398543492071784
0.37788315114050375
0.501649385206364
0.21222810928190844
-0.37920181460302915
-0.5357180103065545
-0.12157735286277707
-0.8605799410610554
-2.4307491353651938
-1.5821084239159855
-1.396254952649475
-0.8665296078900697
-1.7384360353750055
-3.035019815755496
-1.609987146926277
-2.742599591225925
-2.9279632351830664
-1.1444273459890948
-0.3487197960982381
0.163042622854415
0.11742128296463762
0.33949844013140784
0.23680372460397778
0.16990096950101125
-0.6282416594594314
-0.7346803614346917
-0.035410659761475255
0.0461448763876037
-0.2755921288708174
-1.761713844832396
-1.2028683366182313
-0.17338914752208165
0.0393446022881464
0.4455395760241472
0.2744010183887451
0.31073210537226137
0.5638723974121993
0.6288861428385396
0.820388720915821
0.6959843390023276
0.3335981079693596
0.5761845533299177
0.6015430282975587
0.8527214250397668
-0.022189650823795176
0.4481421171427531
0.40282977293174504
0.6793710161550193
0.4058237003750177
0.3062338539035512
0.28042677708457225
0.5319793372176936
0.47050120192169154
0.20846289804213414
0.5795774072227129
0.09839524797863686
0.22601436547565873
0.2958181796760998
0.0816738871100703
0.4221963232561926
0.6515503750255589
0.6782377000077939
0.13741434488223
-0.3226807670222658
0.24112475105507924
-0.48661671242493976
-1.942860711625381
-2.720720384240287
-0.9731344601059462
-1.332295859631312
-2.871589838100117
-3.5739103610264387
-0.7695730478691218
-0.022461018811052197
-0.2361601692069635
0.22295749144925936
0.3340756865105661
0.3233756527608711
0.18710993233919404
-0.7898906177180892
-0.8042068202231806
-0.09056986947302059
-0.06521296436540555
-0.14825046450932464
0.09868098050791516
-0.4584218462176176
-0.01910997834554426
0.14603161444937185
-0.7028068435747898
-1.8746877428767028
-1.0475644668810389
0.1548584837344271
0.3068300064569871
0.19493931006000426
0.5009648604288256
0.6408111508440151
-0.019865199665040828
-1.312260441085138
-0.2844691623779041
0.2006505549810421
-1.1358891347917737
-0.18023686018314958
0.12731411417750188
-0.09567195149704191
0.2419801433728425
0.23530174303665854
0.22312812689369002
0.5337109576958771
0.30680511924768084
0.3615266055124803
0.005774467202980776
0.3600225841731788
0.13990054989984155
0.1489253006588688
-0.06904005310164094
0.2406903884759775
0.4407993737476077
-1.1941556467528116
-2.376139097076216
-2.653247787384936
-1.036540650919955
-1.6563513686756548
-0.3067549823000778
-0.36172970366318125
0.07982508555782555
0.061205740695441824
0.22810923773465797
-0.017443206574870224
0.05931955177418047
0.09276147108217117
0.22678363368124055
-0.717259882250399
-0.16623064548267044
-0.34491388869632755
-1.0842899646686763
-2.267786067226602
-0.836989981377232
-0.29420476495269
-0.5670575889041124
-0.3344735306444794
-1.746433351899964
-2.278818876279554
-1.5061048841952924
-0.22529217676991944
-0.3450344352770479
0.06359041588713996
-0.28172835937114404
-0.16392164544781598
-0.13113631166407128
0.09994093027135581
0.26230445562192695
0.24558398581579088
-1.2621707330077954
-0.2371278308579908
0.24427319864013886
0.1133030084836374
0.5050561094117373
-0.17451986558931135
-0.2977225338586047
-0.317615862873161
-0.752775879433305
-0.3559390946194211
-0.24655468087428686
-0.3655710779728758
-0.6334563393523023
0.19492875027456735
-0.30760791441204016
0.32154190184495934
0.6648881082956772
0.5066719412747088
1.0213112213754558
0.5855433639699454
0.8153283089434693
0.5187689151550863
0.05751083014407474
-0.04193874663502822
0.16497483413261269
-0.44078029112277617
0.18289719082775985
0.021501786012675314
0.17077387909761657
0.487387494312847
0.2726128181736822
-1.1733421110142082
-1.6893512143460676
0.2856624737399111
-1.274351386258391
-1.1496803736208143
-0.40455655594863926
-0.9233924465686232
-0.5435681082351289
-0.04421179447413448
-0.023193827581367482
-0.12763081177284522
-0.6500054390942971
-0.8051121639958334
-0.3965987290882558
-2.063270250749369
-3.1262525832691246
-1.8836108391990078
-0.17404309313784797
0.099304357005353
-0.11517139423861095
0.3540332406291444
0.3343183320003855
0.4541197518353127
0.4254284024888232
-0.53140575636262
-0.9374454968996135
-0.16308005556618846
0.14429244438987424
0.190315550513563
0.24740689568466057
-0.8672071022446569
-0.17869476767406747
-0.30643585904241133
0.14066888173686284
0.6224767770649958
0.062043228031274406
0.5236191547423751
0.26567828040384067
0.32349815103760526
-0.04775003044905293
-0.6508025838754625
-0.32262059929347
-0.5320959740975821
0.04062449987570657
0.08895198877915347
0.5617128584099702
0.10277525408776025
0.437345127431665
0.6942575421984883
0.8343765651807605
0.6238794181988732
0.8602215690091798
0.9117354411776941
-0.31145402288370716
0.6185645358497023
0.4460519912376967
0.8447771040399169
0.10990436282771662
0.19250812573868525
0.5755035343798786
0.13811153811830007
-0.14151853847727083
-0.2270830658304475
-0.12618578912546255
-2.354878919543294
-1.4095413005234123
-0.24119697352524536
-0.2697992336572317
0.18183184650269937
0.3899859445780177
0.6034520288889695
-1.0755821579656795
-2.3110110028611612
-0.7676672526667871
-1.3951998557626426
-1.7690964341188116
-0.4968776934180684
0.10601540734461681
0.5327967487947028
0.24252754344141114
0.17065864644885795
-0.49848510624175113
0.12442253227859826
0.18520288487844286
0.08426349785053391
0.25367430655974244
0.2964961469417807
0.6678626097858864
0.22904917198021366
-0.27831463084329666
0.16306567397913196
-0.9842287294341971
-0.11328779036595032
0.3138967727498201
0.010490511919808349
-0.7915903934192448
0.17983235962275096
0.3337911681648825
0.27654190568215753
-0.3773073414990762
-0.9358428371932768
0.5556265983334923
0.7588429051941518
-0.31095673328754425
-0.5354933178190764
0.15575912860087612
0.700166313124637
0.6473531298586074
0.39307060156136187
-0.4118285772228023
-0.0526274133506954
-0.11720352697182176
-0.14729816126462195
-1.366852062664093
-0.2896240580691801
-0.3345628830807329
0.1665525416256083
0.13117579093528492
-0.4924826803662047
-1.0705508225418048
-0.011989174740461767
0.5109944198947596
0.5573827948735725
0.40470756054201384
0.7591070697388059
1.1749595343642487
0.03165194880348812
0.526746527043595
-0.21069407424930034
0.35870961553715075
-0.22956965221691403
0.7796673428399317
0.3423591928802498
-0.43557164323458397
0.30728943190177815
0.29988719705172207
0.0778164985933116
0.3670116309734462
-0.17634173974823378
0.8899421618201858
0.9830486966668105
-0.051147118101560946
-0.4522761347080071
-0.8211475154516095
-1.1293664835600445
-0.7450107252871092
-0.82496682721322
-0.059611726318401975
-0.11138401340493922
0.1828830082784693
0.2240959270382677
-0.06331557974848448
-0.46387245787285225
0.2298788027416198
0.21242532447178536
-0.22622734925336033
0.3657324206007476
-0.1378178653112501
0.4904317071374833
0.03893648782516804
0.3213551234420811
-0.38971891568603423
-0.4444338346144876
0.08903052413301851
0.046803800030122855
0.1851912896774294
-0.17095663501034133
-0.3044140439257197
-0.17188383877435945
0.32199267511951346
0.2909388054250397
0.6856404819091028
0.5244102546261363
0.2928382865702747
0.5560283220690828
0.5291689894248576
1.08915109688282
0.5612648597786457
0.6757879109449678
-0.8816125073541297
0.1320312059797021
-0.7201773406122083
-0.09579367197950384
0.214386502083858
0.5476706229360366
0.010833316146284105
-0.5040593049995653
-1.590301061071003
-0.7545710965143644
0.007666554990985758
-0.18405513213782146
0.11894327374286283
0.21559714550088138
-0.17182655241044684
-0.28837281820347216
-0.008925023396096993
0.11237566131410934
-0.39795589980959845
0.42235896122384065
0.3067444334321754
0.9992901600175668
0.8431602169637036
0.9358434205799853
0.8138919871341955
-0.1430390049276076
-0.37036716933497216
-0.15033314715421067
0.0652417477330089
0.011136326602081165
0.378127950640736
0.5990771967031102
0.8804913240934433
0.9876490073371192
1.0530789992569114
0.9735421077313382
0.5846956044545634
0.8571107880444111
0.9209716455634327
0.773878675105298
0.5726442685540413
0.587644918374937
0.3490756080206382
0.4448690435031456
0.7096121611765831
-0.37741149981215816
0.00519913175067116
0.06106731826011966
-0.46445082266763527
-0.208451331024657
-0.3966456698840527
-0.16667323812412113
-0.7116869298001003
-0.10153207848054757
0.1045913067686932
0.38854314376334653
0.2812810966057897
-0.04264974445236211
-0.03297872635988888
0.13286586618135088
-0.2543164508551682
-0.8306776432948986
-1.5498332047647925
-0.9003492493982128
-0.790867527073404
-0.153326779105072
-0.1371525358126001
-0.24320355534475604
-0.3081498825610174
-0.36879249657485524
-0.09895928249690969
0.10729631974043505
0.1592807970447614
0.3855049044627008
-0.180639748538148
-0.037480582417679625
-0.04102380396718039
-0.21853831684788297
-0.2562288299826787
-0.594517879117546
0.47964588254081153
0.63233814425489
0.5965088442670857
0.5202281676804027
0.7668880399575729
0.17137450042176725
0.660493737138921
0.5190078171888679
0.7649991841486308
0.7848423476324301
0.49767203705056684
0.5657605398044527
0.5492743919946359
0.43081513132690685
-0.1755720503072515
-0.2277313124887357
0.15929843472969396
-0.12088141255203108
-0.08066633260593195
0.26434966814633065
-1.1130764374461217
-1.1956960718071241
-1.8466572626666722
-2.3521618599673886
-2.3047483338776216
-3.2050855682971817
-1.8978119591841243
-0.5804455872826163
0.04629679413605875
0.2817120857806315
0.48641629419241283
0.3153226173701871
0.5053297715969165
0.6496389308670509
0.6980295740070145
0.46061399303283534
0.39633636286636476
0.2744575131084618
0.14743611371501422
0.47404429842743456
-0.12667239451009363
0.04678909636918699
0.5056934571653652
0.25386580041188855
0.003520637103911095
-0.3840112592509538
-0.03582958456641863
0.021749460179899482
0.5895811522534646
0.49491256137408424
0.5403944720106152
0.7451419643268352
0.4600359844475692
0.39431021425547963
0.6359742579044283
0.480931729582351
0.17440437019805796
-0.049655755912446364
0.28578656606485364
-0.5546643936842586
0.19861302465279482
-0.33475453284975487
0.03699213749613281
-0.6383043983498635
-0.013625571244905516
-0.4287348992794998
-0.5120028006005812
-0.5340176009192206
-1.1263220363755153
-1.7014273348219897
-1.254247385686609
-1.6095871794716003
-1.1755900792671243
-1.3592833778531654
-2.250629013828545
-2.5536258926473336
-2.7396804062408187
-3.5231083458951047
-1.3856774677489927
-0.5295884575573787
-0.08028329212636962
-1.3797822483203728
-0.3256369394401667
-1.5081820473353862
-1.2384528601353695
-0.6523866224041122
-2.1680386860134697
-1.28238252292618
-0.4591496743061878
-0.028859893051516733
-0.2320461526894049
-0.49852281579020286
-0.25731372930597396
-1.14781969271191
-1.186096216857377
-0.7373162829683253
-0.7588039891294116
-0.9651970035222792
-0.43615488177823114
0.05548098325368084
-0.09663625468933948
-0.12914624312658177
0.1506627863837164
0.3504676682161644
0.4525209372591604
0.16237095825347678
0.0320953650180488
-0.13414752703948377
-0.027882426494555385
0.10796597871376276
0.0035405752339203456
-1.7653097360078362
-1.9969473506793347
-1.0724855446237167
-0.23244030953280306
-0.5928175160346266
-0.29830007430855054
0.2877067579698187
0.2627801958724022
0.31107512285178246
0.21738494573844733
0.235529569741955
-0.7174007035331618
-1.3242614605070397
-0.10887460110604394
0.10195643866464149
-0.86841381659217
-0.9157207522630451
-1.2955035733939353
-1.9688579439546376
-2.0201314163658353
-1.3198929807544244
-1.447067543790122
-1.3635196851735913
-0.9739817820871579
-0.680871709192874
-0.20605331550968073
0.145176779347623
-0.4626856033050539
-0.5042731487591248
-1.1049152055102274
-0.5551217427927184
-0.9342793757934607
-0.05303323919433603
-0.08300673579968523
-0.70572472031821
0.06930391671989394
-1.1583800011417675
-0.12761089573307097
0.34083165289275474
-0.952085964232388
-0.7493874917727052
-0.5785612290088803
-0.19677260555305223
-0.590521986566757
-1.5808100366875153
-0.9052756641525943
-0.6323223330360912
-0.3374488257818421
-0.709229118930174
-0.1491799890838085
-1.3661942033351238
-1.7968091644435207
-2.585058521465964
-0.7088993340676955
-0.177918799047281
0.20741083360278442
0.5486468196828904
-0.05576255517705492
-1.109139463971427
-2.0405149319602445
-2.90287795355453
-3.7853649223692782
-2.0013944091386313
-1.6719572045984383
-1.30962014474936
-1.6176636220003733
-1.083154104064901
-1.6757878381091942
-1.1839578734071683
-1.8107001279596386
-1.4729025864203982
-0.38631565488077535
0.03364119384898409
-0.1242255977660626
-0.2130789861937928
0.15545318468738237
-0.7270971410960876
-0.18937667937154076
-0.24515045498773438
-0.6771289802356849
-1.0062483551609651
-1.4156004091229428
-2.4415414833044666
-2.4630032946584413
-2.542204665640708
-2.6620360028727448
-2.229525804951532
-1.3012806109791095
-1.1896102121543446
-0.6289207529786004
-1.0300223788931435
-0.6992172359315825
-0.39200995840909125
-0.19746808611240654
-0.9357296418599363
-1.0774726862405697
-1.5762423330347266
-1.6754842019510623
-0.8065116969692745
-1.0168033361757811
-1.4295792372215852
-1.2214196568106805
-1.6094522381231406
-2.2361282521741135
-2.005141946934097
-1.6650399138229515
-1.162406485956596
-1.6478006308477193
-2.211291555369031
-2.0068804271691016
-0.9667389293579458
-0.9051555685987387
-0.6197223369168076
-1.0608458753512207
-1.7160246061624553
-0.4145926903421018
-0.30028696841120606
-0.21313493322449553
-0.17512241602854803
-0.11540444400288269
0.08830660033141174
0.5247034006433379
-0.058102868815461506
0.5630781075880684
0.7622158906302681
0.6840391656540814
1.1067653234848926
1.3422122433755128
1.154953116824793
0.90880525849084
1.0173212729720498
-0.11545416528840854
0.39203043661908676
-0.17866742703427144
0.46481092175199534
0.09567006266092767
0.3883822922530267
0.3984417231198336
0.9279577122719839
0.6310682513107717
0.23499529771056835
0.1022656843905031
-0.642717962286766
0.03086954151857116
0.6884052704858019
0.06963684435694911
0.4629195791759019
0.06999313867963
0.4791168057705738
0.7091044171270953
0.8904681296103332
0.6488510477708416
0.7732620327861259
0.9323676980697087
0.9210045154017259
0.5035012670092737
0.8148225714830623
0.7268091346679644
0.5744397977301559
-0.31264444388671764
-1.1617480072006792
-1.432662575982891
-0.572332090411962
-0.9739680170476865
-0.21830927970311373
0.28694091653829035
0.36508533199818344
0.4150574875148545
0.7150960650430542
0.5480433875714634
1.1902207911582812
0.8226659310979285
0.6532966279758592
1.1050729796593357
1.003821755849982
0.807221991367107
1.0160615856999193
1.232256651878329
0.9129458740401534
0.4530003878977471
0.8772099139959397
-0.5021101659367033
0.21217664011968568
0.6129274857328979
0.6398215263334665
0.3475642387791088
0.33372401749092084
0.22757792499971194
0.30690469042909074
0.43295717228578257
0.5782312108932507
0.42811530494477423
1.0034129086612036
0.8268865139178271
-0.03461861047576259
0.5374648854199886
-1.1107822279306145
0.017084990048080978
0.622611864879716
0.5682310918525505
0.5368194233759829
1.1313576380549768
0.7879972485265008
0.15116776001855758
0.6267070187925016
1.0809486863651017
1.1425905204000784
0.6035405684457735
0.07775482788188945
-0.647015262574038
-1.8086726284804209
-2.195478599392692
-0.29857879907870755
0.7043756868376165
0.4956756658521638
-0.9916197461477696
-2.045140895826238
-2.718806085031439
-1.8713258586473425
-1.4444577211785803
-1.367522800418057
-0.8030203801538194
-1.1922545868397767
-0.6252325936926056
-0.21502924986906372
-0.368538103832446
-0.000900035385005854
0.27027640378142803
0.07363687413378789
0.5339114356769438
0.29849620733619786
0.5134797755236197
0.8693235706214304
0.6811075781722582
0.8388482990580107
1.2387249400276137
1.3512539835213528
1.0369137240608184
-0.23432153505520928
0.18314859999278177
0.052993033771594394
-1.2754360888054175
-1.9913947274125154
-2.8842640526999928
-4.229773203686763
-1.4634269085216585
-0.3063160831521373
0.29843046048522104
0.41502030137945634
0.5655314076552539
0.876662706334878
0.7774165080616375
0.5863702797835967
0.5588688996940068
0.8087898707332254
0.9278102844129994
0.15095250887307168
-0.2552427189330332
-1.002831632021038
-1.5769799280488528
-2.002280154101689
-1.8268481722949648
-1.2664821652639666
-0.9920776109801983
-0.9484170893562522
-1.9437430525030825
-1.0189719409654476
-0.08192700335550782
0.0967125691963993
0.9463983452821776
0.38342598915518833
0.30962204694521595
0.2728816917856205
0.04962550509574418
0.16083709238446983
0.24300054387613332
0.42216156202283095
0.5247432511856549
0.5647347311664233
0.18098985067924386
-0.3635631480484578
0.8200344104541174
0.9667485349804652
1.3340055970118407
1.3550559412506158
1.4943277862653759
1.5558620551044386
1.6789181829601942
1.435965137004166
1.8639419088453544
1.6900387198923819
1.6323274472604263
1.7452107001265824
1.7874897606017037
1.5640555051087606
1.6442083813356103
1.773152910113005
1.967105585754804
1.8396401155172366
2.2258675886958166
2.292043489157535
2.196639296675441
1.5755954010081774
2.149379731725103
1.7824332158123855
1.714747052691623
1.760310275503403
1.5063337623727975
1.688534197094305
1.7483910778990883
1.8051122503327621
1.8009203891663197
2.2771546399608016
1.8757652002958993
1.4390588764738403
0.1960297791844044
-1.4794813588736992
-2.6683705790671377
-2.498770754654489
-3.2050859602009223
-0.08094190735111426
0.755723991994091
0.3213563076932585
0.3754264888405787
0.7296519602291562
0.7041383506818251
0.8761710254755866
0.8172463249297545
0.16902269785759347
0.4225955031104467
0.11226438787090101
0.5338019386806162
0.8029838208532252
-0.06164270696855187
-0.4157532975620072
0.2615203244602855
0.9206332635357592
1.0430165686023722
0.5663779936061416
0.7435618675383686
0.6922223051964435
1.3008205390334886
1.2181876932909932
1.5689232160853008
1.474676619351341
0.8553772181107425
1.3569432003677482
1.786798398080528
1.6117768125405267
1.1452180783351427
1.0497791411251283
1.164295716280172
1.4108304328533652
1.2089910847789282
1.218120388283472
1.758873786221745
1.5423217061970949
1.4163885317841072
1.658130550384379
1.486993291657486
0.761796628634394
1.3525363072274759
1.2347487110795297
-1.115308195441129
-0.9679327510606284
-0.9873490229950457
0.12530895617082963
-0.8068750846665926
0.45069825273706077
0.41165592201771783
0.6507158808216141
1.1114592658467497
1.0205732087221444
1.4226513311220523
1.7649118660023422
1.6155499002110176
1.0255616561620555
1.0695597830383075
0.8383514465321605
-0.5961079399552632
-1.174364518448915
-2.4030124092872716
-2.2369758169478
-0.09606226000761134
-2.0468193629018154
-2.2800714611257025
-1.126198278446016
-0.8627960699879327
-2.0524708445650153
-3.167048926058207
-1.6783984065793556
-0.9242263876293684
-0.5769462636616519
0.06259095117411448
0.4612477997168716
-0.04531891689693049
-0.3688977391181969
-0.4319357654418007
0.42431236714507103
0.7658754168417378
1.003530952627301
1.2832613692978698
1.3254345268741508
1.3659501377612389
1.227826434679505
1.3532992396797743
0.6650222047177554
0.8543992545721126
0.15459961124967395
0.8629471869474387
0.8099910966165025
0.7271818437287739
0.8782321101037147
1.1141073518962663
1.2939018333334837
0.6870250011450945
1.5386827906233946
1.0428691357251392
0.9827080246609792
0.6504044702142495
0.6102216859263887
0.5741228813253942
0.5842823563798923
0.33890706169530416
-1.0155989773466658
-0.5916862960717083
-1.7978046511959533
-2.1244065297962407
-1.133490222727465
-0.6839427244048745
-0.9917996453495401
-2.3103280621180295
-0.5803858998986867
-1.548790718565824
-1.9788752086769714
-0.3744978797923949
-0.19728036051149714
-0.32405805653368913
-0.3310753164525665
-0.935809888012298
-0.7053685142700277
0.12379185288582603
-0.8828579604474209
-1.2278965117770841
-2.0479291114968374
-1.3375322807269667
-1.7179254150712218
-0.7161606478432913
-2.4748985993032653
-0.8445505443866546
-1.8177790195529253
-1.6534272498121048
0.06188536684412335
1.1728350077600587
1.0351216252084352
1.3720611781113
1.1650422001667564
1.1557257836928854
-0.042363993848952064
-0.9619562414779186
-0.248495139467685
0.7624697974682869
1.1175457533881465
0.8774393071313615
-1.0816022040637303
0.12656627086960592
0.8565113992890981
0.8815816718431497
1.2873685496055622
1.1882414415090337
1.403325534102679
1.3154078749518432
1.3632245327253714
1.4039708502077741
1.3745362287274896
1.2192740056170608
1.3603741057966103
0.802696629393427
-0.017637649954544504
0.2494638263456447
0.9365631541131655
1.1838339635275243
0.607697016333649
-0.14136732209974726
-2.8363164968363597
-1.376346785341803
-0.3846861994315216
-1.250262037791062
0.35607344995546475
0.5181413589085061
0.5857317452110133
-0.2114604517809686
-0.016108475927673976
0.012767347995962824
-0.5175702806785984
0.5325868207621796
1.105800060341512
0.6164437130573036
0.7870220009558067
1.1338516105550485
0.95421367049499
1.1966009006893916
0.36466325260210775
-0.6433576051292083
-0.00161161388025155
-1.136297031884202
-1.8478240075064738
-2.2552429096921176
-0.20388596599266065
-1.9558057879001731
0.2278058755079771
0.5735421669786266
0.9598740432204682
0.7365999093151262
0.8576601461698903
0.8305849540767731
0.16435013445129398
0.7354989493354691
0.9314280523312899
0.22382064206558358
-0.6409351890195353
-0.0795036957889293
0.5724745876067284
-0.10678398094038924
-2.104613473395174
-0.14348398920598873
-1.2337084360679758
0.14449259819146074
0.6739038171846692
1.5029358899954255
1.0765397105056138
1.1423091361481477
-0.8404780328739287
0.0029398313866412507
1.2193102843464405
0.304086548630318
-1.2540847651205573
0.29403478231006985
-0.17778966287628287
-0.8813344055021337
0.775624279628166
0.43009824142449893
-2.0121724544244177
-1.5453910228119478
-3.039651213745459
-2.272627509248011
-0.7563051157211975
-1.202216121563384
-0.49174224242594256
-0.49043624262229035
-0.35770994308034243
-0.3100750476410151
-0.12698740010561546
0.003693978393141867
-0.4876491003512101
0.411161366439719
0.1784247576622958
0.5652245963333875
0.6652844528232957
0.5416573831231267
-0.1708371706532242
0.3077968440628577
-0.3038635023288784
-1.1461881296573293
0.08056194055358432
-0.35957433201611644
-0.3267423757800406
0.046883277379187765
-0.6656124576154063
-0.3673120986097286
0.14460661966317132
0.7440542003361045
0.9961216495085531
1.1013894083999405
0.9149060263488373
1.0248400401942679
0.32198234975371254
0.14236323884509197
0.17065804995847125
-0.3831091276823795
0.05156117857744433
0.4361232884634353
0.5513319788980774
0.169672808991511
-0.20047149754735635
-0.5007587765564485
-2.226173314319931
-3.5000846153875664
-3.603614747366563
-3.4774001586231806
-3.279934006230303
