0.2764701479531869
0.24969764765758218
-0.07536814254083174
0.07473192675814344
0.2674427589988727
0.18883379825067453
-0.16712314940372114
0.21863558962069696
-0.07447416786273942
0.27674748802764093
-0.5839613280292804
-0.5804026179876494
-0.34744825138309676
0.09435911431819471
-0.09858382489987771
0.012393099041076605
0.26058073251035974
0.37740477972540154
0.364841927468341
0.6899781237704964
0.6610555919784962
0.7005538766994779
0.8788009258072518
0.9604587357072452
0.9095667901379609
0.7940178651086476
1.0131021382369443
0.5376201388408433
0.41420936254996854
0.28859871336129017
0.3224732666409521
0.6673752383082961
0.5003247370984105
0.5440701097294568
0.5563269288768579
0.2923915998315263
0.6230851243572124
0.4702463196892679
0.49025167946781645
0.5065198104434893
0.6567479718092447
0.9321577761619639
0.6523224295898575
0.3969687952034391
0.37926212786390157
0.11794274111441694
0.48296109740547244
0.7136481838535214
0.6713955289660807
0.5129600298546736
0.37085001129606077
0.3003848259246239
-0.03927373344055379
0.3446038753620626
0.15943468044773002
0.3339088174999071
0.4119804252725967
0.10602811297426956
0.8141681380063543
0.5799132354653196
0.6843652080502507
0.09589713169322972
0.08217861092278289
0.08929871091982039
0.34312701393794753
-0.07308694159940565
0.14533043989730893
-0.3594498866826978
-0.6604218180511473
-0.36123010162385527
0.0770978740128423
-0.3957119397666229
-0.0745916185131204
-0.047768554120853346
0.5322365713269773
-0.1557881306632225
0.1910716334779115
0.598429836522263
0.8157437827524217
0.7334994281257141
0.6617918185291911
0.8862651768992236
0.9466113401702891
0.6112550205452528
0.8516943337646168
1.0151416231578936
1.160355928629984
1.0291537199433147
1.0505725991065513
1.1023126747856764
1.2590219868292571
1.0586277235033934
0.8358987828456728
0.8210715632275407
0.22601227817411196
0.3754772217442658
0.5899106740769088
0.7990070461280849
0.8141065455679741
0.6929112236750871
0.7214199827035526
0.6542992471179978
0.810361002004268
0.6485297154002594
0.7910228935891297
1.0691577873722944
1.2154548294511995
1.074482884934608
1.0742127329399311
0.9003707129718839
0.9046315420205595
0.833194862812312
0.9260037677200903
-0.01890483679938798
-0.35442664545110114
-0.3606375186253684
-0.37935198397021436
-0.22743558525514182
-0.13011661479602918
-0.017672052893458523
0.1537141406971687
-0.1683062103833449
-0.33497300271638075
0.15657486467561688
-0.030052564170028495
0.09488493759244143
0.34583147046181406
0.6067640608117788
0.8195168715967944
0.43987079720209177
0.9586294990644351
1.2815234864602518
1.204903077016398
1.1052092613797309
1.2008415759921525
1.2579095830875657
0.7997442731838917
0.7959839073241393
1.0418771249387493
0.5990092997904365
0.8251610665597648
-0.9673605209035184
-1.3862034253728892
0.14796607577255305
0.6330127293167056
-1.246885939294411
0.4366098639591923
0.1278425946033258
0.6194427729919305
-2.0634658803186756
-2.7524362331830576
-1.4968585634671765
-0.9592383184119492
-1.8555239629693137
-1.7730723714053847
-2.48423664942376
-2.3638198985745427
-2.2295888858610615
-2.0057423118133952
-2.3110112954797946
-4.22012432858171
-2.3174015485119552
-0.6466948699913744
-0.17090972085666675
-0.31219758929622027
0.04630879105571839
0.5460021206261418
0.44354802632456947
0.6588953590762175
0.7237973881765998
0.8998576583918638
0.7987593493499221
0.32938479459521686
0.9998643749049001
1.0019352290176378
0.9567395331089141
1.0383940656794575
1.1744708662386019
0.6086697285456117
1.0270139381412926
0.6360557051670865
1.113207063078611
1.032652890354288
0.05038151622997633
0.6122634146289421
0.6741354639360098
0.8208378923816904
0.09012245883334596
0.48154305277354903
0.39649651977280265
0.5455213118544997
0.852328590595355
0.6940004097964997
0.3597671209823078
0.543760914652737
0.10684587213998575
0.03237860401408654
0.123417166617035
-1.1111743059292913
-0.1743655029043769
-0.38213089555904284
-0.1121154961509471
0.19183130778259222
-0.35423610239921116
-0.6371672394543044
0.10622222971293432
-0.1931251121191792
-0.27907803392235037
-0.5740424517109064
-1.143910648360232
-2.7174396553015914
-1.5037804978177995
-0.43454278592163
0.006493660655261746
-0.28865670983976777
0.20415116495632235
0.354783582554415
0.23184647180609474
0.32974088898347
0.23492595185800613
0.5533045091735543
0.7324025362081308
-0.3078565874174422
-2.1468116655443636
-0.9010337187714732
0.2303351990885908
0.045244559794892336
0.6690371076956753
0.4825850654468491
-0.03983787568063979
-0.2388175285034743
-1.0016202647156796
-2.0439451384438647
-1.9842779573294758
-1.3263998090274776
-0.7871601522063637
-0.5942528732509353
-0.32840802504858047
-0.2871794994860344
-0.02067340209416163
0.25571836292226335
0.41554238634575447
-0.7324172399436006
-1.9333400593303525
-2.172958569601813
-1.6037580769968338
-0.9948780176486467
-0.4811918308381916
-0.7532891322750599
-0.31074515043165785
0.15629929560428835
0.4598751578364101
-0.049628240941879814
0.23682772753464199
-0.987214809895118
-0.29518288233831225
0.21599626932945737
0.3370921865814439
-0.5363904198026347
-0.039970278135145754
0.06391172897717551
0.22737618521971692
0.7399573584694128
0.23955657450092205
0.04873269136998404
0.8490570614117494
1.0261178154184616
0.4902103421990256
0.3497496525844558
-0.3488060401328091
0.38754441742482004
-0.46180454295639983
-0.049003565773215546
-0.22175466962216311
-0.37383829459877005
-0.6937120896497522
-0.07061717081115798
-0.7704598610769345
-0.8436973722832005
-1.0895341432807588
-0.5124368075617038
-0.9587403727298932
-0.8059525032559257
-0.9929417716539997
-0.6103012801775989
-1.1226168889659023
-0.3983668921577378
-0.09408464529669783
-0.0817554427590636
-1.4719891254252149
-0.34597032371127906
-0.7065619216384483
0.23131868066529382
0.4421351854217531
-0.11938724459254726
0.19704711489495308
0.10841094140402685
0.5784938307822237
0.6665090931164235
0.7496727021222309
0.38867140312716386
0.6164034447222978
0.028459771349661156
-0.7240459583372928
-1.5268391293580623
-2.346932230654107
-1.3698750763163918
-2.4671114152260794
-0.12066605716740311
-2.4660655580627044
-1.5675750527809351
-0.3092188614661429
-0.5341419890563218
-0.21750750080252151
0.2595185036667397
0.0971477815713448
0.498021259013819
0.5218253196801269
0.42214526676653064
0.2900884392497889
0.29313466671423993
0.4286884368071209
0.6252636136343435
0.8524767703977447
1.2559423573120085
0.22161038115098108
-2.1623377701234676
-0.49959719588238716
-0.18818740575069634
-2.7602660738761133
-0.4868032324327223
0.10403856661776917
0.26699063974594217
0.19553816789384304
-0.26411761609765616
-0.3853906922499935
0.08180460727038497
0.2804558260736747
0.2509955853838264
0.19865413292513373
-0.014397140437577283
-0.22839992826952932
0.5355575424260542
0.6417134218953776
0.2765318787766685
0.5995327861467243
0.6910353190552769
0.47501891115365247
0.30627524026219843
0.21826260399280872
0.266938839502753
-0.01018974242290388
0.22649963807926932
0.5864467321790586
-0.5657854001717806
-0.5654691472900762
-0.13242461841302366
-0.6852636725397852
-0.337702840880322
0.6858510435910502
0.8446469162204833
-0.49079612890034224
0.07823044810012209
0.46751096107022283
0.23505590849892632
0.7204620131207977
0.5242073733223253
0.321949239019676
-0.12464459504163405
0.7232374792849687
1.6805859207773122
0.21716710785015902
0.5165490669139521
0.7165681898828962
0.805019171818363
0.9506405606226564
0.6196871590908869
0.9107295010017682
0.7545922827088833
0.05250078737861885
-0.29805844674131055
0.14483146785047857
0.46581025829059597
0.5725519371750593
0.6234826541723516
0.04170355779245105
0.4616102125914572
0.9269461453190977
0.4787511215384921
0.629916875132763
0.6039420212434516
0.3244164117811209
0.4653433667475704
0.32467108652697463
0.558975410848506
-0.31740014855844767
0.28350686482895726
0.5798035081251276
0.5817439610658767
0.46490855396897224
-0.05295392820660105
-0.8273165203492525
-0.3478526827383933
0.142596343855854
0.5878730282085628
-0.34368967161975816
0.015830170712699543
-0.07848642541091758
-0.3941075155562051
-1.7691590579048806
-1.7353791366434341
-0.5856047272832878
-0.2587458405237264
0.28057313433107567
0.06820000932795123
-0.6344854202495369
-0.6223339640468977
-0.1730453116915005
-0.25789739605163287
-1.7180082335906215
-0.4796952349402557
0.05180978063881059
-0.07063676051694534
-1.2261852422704855
-1.3729637903119742
-1.309228905599681
-1.1638861932537148
-0.6472203366371214
-1.1215846068941904
-2.008606758595282
-2.250027089973805
-2.307933381482825
-2.004668720823757
-0.8222956207007115
-0.5085236011798793
-0.20008825518400186
-0.5106151502839991
-0.4912328880631542
-1.112734837314998
-0.7046890104878842
-0.06626924091483835
-0.8275407679804551
-0.7149126974101321
-0.46611369446642137
-0.05616908138028259
0.34445581002597137
0.06213809312972585
-0.6938081316337945
-0.4014086547820578
0.07478349812149654
0.3950048378959634
0.27768447398657237
0.3757352423611118
0.37663001316734923
0.46617917878761794
0.39716497535756334
0.26843676474460776
0.5681538987665274
0.5263949257587023
0.26352590177303326
-1.0575516513123078
-1.862306557989329
-1.3663172685382332
-1.3696662426013124
-1.751329386856087
-1.332854561771439
-0.3492774866962942
-1.0139042150123787
-0.7440086794288796
-0.7631304897378398
-0.6641424181187143
-2.4128556965615044
-1.376032167199716
-0.7245468770018688
-0.36732341896955806
-0.38045158483944985
-1.4762650926978116
-1.7202547155683734
-1.2389219193368821
-1.9337600376237816
-2.251861774710221
-1.4642773882023443
-2.6371302905430367
-3.3411721137759995
-1.4822518894590442
-0.0211187109494253
0.03474170206317684
-0.22203600893869402
-0.38674743746101947
0.10510401325705332
-0.25940137701757227
-0.15287892599268008
0.3554583587280685
0.5075744328136667
0.4851178087975483
0.635172617196881
0.4345542084685049
0.6440456222185632
0.46601005975808496
0.3752688776905281
0.36713961937338124
-0.1074485842481433
-1.5525257471948213
-1.1118778129934488
-0.7132458820842138
-0.3221895354825575
-0.28577133764127766
-1.408862964401898
-1.0477748985351591
0.21964769424103958
-0.43246363612324246
0.36542333171282526
0.6094856041803788
-0.422557751142698
0.5229004105787255
0.5414643058464153
0.8911206178104529
1.055281389347346
0.8292557267938672
0.8327798300088218
0.6307424099980679
0.7090265089210981
0.3981511288834432
-0.1786051180151833
-1.7017702955300973
-1.0803612621550225
0.06761069605176107
0.5830941392286325
-1.305256831603798
-0.9280618080275798
-0.49803175579344383
0.01746023023964699
0.26608013510602524
0.30460322068179346
-1.5496476705894657
-2.5349398392610176
-0.47054565177728747
-1.731859174077734
-1.0893502100247412
-1.915433098095261
-3.2501653828990817
-1.153820010709946
-0.6861794216117856
-1.2307049673993269
-0.26635282800266785
0.33365149485361645
0.3018541880872361
-0.12204260906680675
0.333266078444895
0.28971830844625956
-1.2586844032577043
-0.39366263964903114
-0.18019913185905642
-0.19776708886906175
-0.5738448766764537
-2.0738818127370893
-3.38001507201976
-2.3219785633199153
-1.89544051733476
-1.137809714877795
-0.5594704423699886
-0.5988541623663413
-2.2359066975633937
-1.56820790068863
-0.44810996350064913
-0.2013426405030822
0.02575073992828275
0.38154123089119574
-0.2958142592058791
-1.1043387683335952
-1.2543555874120167
0.058255295419276154
0.4989630324607758
0.19657588925029235
0.34041969371990144
0.05512963255575626
0.3391328357629122
-0.03383814793111156
0.003450893244677955
-0.23059525551216842
-0.40710604311890053
-1.6085823005501705
-2.388115277862216
-4.070806274284719
-2.7587958480447465
-1.3812117214875086
-1.2296817955988686
-2.1987252731736646
-2.653158140128627
-1.3309756645496578
-2.0528597253366314
-3.142046284845983
-2.0590882151624235
-2.4604811401860323
-2.0987687671878343
-0.36344794986495915
-1.0427381948808039
-0.83529052908783
-0.5915173463102854
-1.130348457056639
0.015920370074003265
-0.22374612501569963
0.1783306990514933
0.6679745332841023
0.5953602713101619
-0.02069015678288505
-0.5362412674783307
-1.3738301436626494
-0.6896051974394867
-0.24567474893101052
-0.03147248457845725
-0.17134818884688965
-0.5653980983180684
-1.2640653976998264
-2.6550778221320015
-1.3622873640653053
-1.4867616985495804
-1.3777304886199526
-0.9730486323429756
-1.3245039805106096
-2.4214546204156977
-3.468190552691927
-1.5128254562729675
-1.132380230592446
-0.8162789087002449
-1.9087009252007823
-1.341203565618977
-2.1485584327454186
-2.068773675520485
-2.2806142510174956
-1.161053216588218
-1.2803436420727246
-1.7929847279158244
-1.7222934702351849
-2.267711193378614
-0.9037391017871004
-0.301653772467076
0.1535013731383209
0.12138817265034396
0.13066932090629596
0.05567676607068245
0.22095283802233967
-0.10190865193705073
0.09344807238460856
-0.7194718057558891
-2.604757978986276
-1.9595796616546515
-0.9402081692155922
-1.394313467626259
-0.883739509383
-0.9515428397540107
-0.3117502848629973
-1.0961819033625761
-0.8500929108888351
-1.1927344592741604
-1.8565051696939894
-2.7805660841109168
-2.695130251791796
-2.1935103131843983
-1.036256990120334
-0.7020945015628447
-0.1891893882351527
-0.2387626888675959
-0.1836583138001137
0.015990420944280437
-0.587437786666999
-0.17715068201315637
-0.14907893099414338
0.3126279317459847
-0.055416834210114924
0.45465177657357503
-0.24033987894713338
0.27808887719532716
0.29963211233711473
-0.22954715793575753
0.08794976821332934
0.1805588296608887
0.29639563656014356
-0.5885548594641213
-0.29810602077945914
0.08853789784503308
0.24124908053741068
0.3488936090514996
0.4037262366088654
0.019527947792502998
-0.3997806660462645
-0.6746090953313698
-0.5809638981936852
-0.42758766768808737
-0.38727329582002085
0.21391197465496703
0.34036092475659685
-0.31638562595110614
-0.33588298572237263
-1.9004074807557143
-0.2619616158292367
-0.4927862506138774
0.20257334315974895
0.10703888582768112
-0.015071975484717837
-0.6584647508521424
-0.7085036562247101
-0.9442420468168736
-0.35785476754626155
-0.5232927965228565
-0.3133020996979721
0.030962030920217376
0.26215236561773714
0.3008059300015298
0.11183932558987414
0.20497883906088388
0.06798829157445535
0.14241030471988453
-0.09784246226173654
0.11521684405407356
0.1240907147734916
0.26107592636857024
-0.012039671026740084
-0.465025111750687
0.0405780957969315
0.26906877507282323
-0.030536034469549
-0.034740551995545044
-0.23111017553946603
0.1831239904192714
-0.37067890991997654
-0.11945044330939258
0.13531278038114947
-0.026222394496309476
-0.9503282872716267
-0.6136507155506786
-0.460226385915237
-0.17843298885959288
-0.20811060214190302
-0.061490874492541064
-0.2503649308501411
-0.2504995120997715
-0.27902424032256967
-0.7280913801835933
-0.8477543846393183
-0.5401561448312723
-1.315032950282663
-0.3081187302383252
0.3520124480154442
0.38325718607570114
-0.29501602942485683
-0.7097527317541665
-1.556164344908669
-0.5861144396800072
-0.3190111734986095
-0.23551927316488525
-0.3519769421011706
-0.018721728439179575
-0.5179767001625355
-1.8911129770935693
-1.9033824405558049
-0.6864756726829322
-0.05085037044078178
-0.1582509974308622
0.2757328994167648
-0.005382743050405592
-0.33846746300714314
-0.37851408297638967
-0.2190920139005517
-0.04007176191668099
-0.08425110459734977
-0.6834761158678915
-1.299963303145681
-0.4246901455225938
-0.5583269108831965
-0.1993711535374298
-0.22943484893132693
-0.5649345903273162
-0.3159104792869073
-0.3063366706180105
-2.200028891632263
-2.464588366819407
-1.8023513180794668
-0.2657942874400103
-0.19338298602529275
-0.5687569048221862
0.08004928744598022
0.19888754235550204
0.26607141321153116
-0.03220273904130416
-0.5437447396821514
-0.7777061314124867
-0.43739127952557755
-0.9130017231647923
-2.3813903259616342
-1.8579187108567825
-1.479880919155884
-1.512202997552784
-1.7290592475681703
-2.9269926714299808
-2.072978950884873
-2.4002986188875424
-3.0160369644406373
-1.3923518040521115
-0.7632187913423524
0.07570487286130989
-0.029464379424294862
0.1533474105712715
0.08787672449588368
0.023175024491870255
-0.9419439641155241
-0.8687065097519909
-0.29480093257132567
-0.2864244880757153
-0.780979630307594
-2.0019403682518693
-1.464436583711061
-0.2598044479909004
-0.09621585015200979
0.40503204671632587
0.3067532965042863
0.09489786815377
0.3703560282252516
0.5309002988607493
0.6601706965518709
0.6088503386427543
0.26008069999343975
0.46464431991596167
0.5604113681905178
0.6876359789360058
-0.02382238777788709
0.26715982329527466
0.28624320497218714
0.3858151393943672
0.29859017721408854
0.1997225240858035
-0.01927978567250832
0.3900833698970998
0.38217280576970214
0.11827614636349099
0.5224421965816178
-0.10671697168787847
0.1294119439183618
0.06039117069088662
-0.15248994086359083
0.22378759770970602
0.5272131111876995
0.555874091513791
0.045826433846962666
-0.4619974659326913
-0.3399498383538491
-0.8524273916318811
-2.0420846666320402
-3.143069755754843
-1.4333480982971487
-1.3419518486951583
-2.8157251163463837
-3.651304675097154
-1.1317185268671297
-0.14639541195676525
-0.4423638366162589
-0.19368264551733821
0.1609448750560316
0.061842443491241184
0.0888832707096735
-0.9620561519466915
-0.9100154051805169
-0.40416797781269354
-0.2153107673152958
-0.3703037606977442
-0.2523797441298812
-0.8756254160335643
-0.2117755604236307
-0.11392368170313136
-0.8833826446323358
-2.1075135060935013
-1.1189976301722466
0.08220811740178269
-0.07946987045955894
0.0012133587500406384
0.19833086044916853
0.5206743248019351
-0.2132370923017151
-1.3053593348831782
-0.7578409796710177
-0.19333148511109693
-1.2235402445413954
-0.38268194869208116
0.009337459052567498
-0.25397885818265553
0.1281107982097992
-0.02783482997042097
0.001977768126714463
0.1979573160469807
0.13729113886027366
0.08318052436152956
-0.19228895560904063
0.1779853109578976
-0.25886712808301676
-0.06417440089554086
-0.24162443479946266
-0.08241136123618562
0.0047253782579751435
-1.3467462635617926
-2.4647046023393955
-2.8444510769681237
-1.185876568725429
-1.7415072684523247
-0.4713015070552672
-0.5545575792137916
-0.03299095329473084
-0.19196769064194028
-0.032798254987219055
-0.3577411916274899
-0.12468820790242263
-0.20092777294590627
-0.06517342205011553
-1.010644654718137
-0.545415689984134
-0.6179894993331332
-1.2629867395322787
-2.734519394029966
-1.2932853553939014
-0.5209779705439691
-0.9833006991314351
-0.7661491274232133
-2.139770238083095
-2.5482438146575475
-1.7882899262412266
-0.5817460329462899
-0.7051896775585564
-0.3139814144581275
-0.799342214143553
-0.7946037442033625
-0.5132952118959048
-0.3080256977877048
0.011466559968703938
0.0033052506631577883
-1.3004169074499543
-0.6070965310471352
-0.023254705014177146
-0.055577446756560483
0.12778990809096685
-0.3785052761930304
-0.7840464269594034
-1.0268108772118607
-1.210239231110382
-1.0667282096583408
-0.8210978118178337
-0.5713661970820343
-0.8490168050296396
-0.3526795815585409
-0.3675033252539238
0.18132276907871903
0.5377835864541712
0.3614722226386382
0.5487904690628029
0.3993182523016092
0.585517424778186
0.3823628852222706
-0.18837708504043477
-0.26245345286176097
-0.21399924960981914
-0.8493690615060201
-0.14959468340769094
-0.3004851613645406
-0.1450630554811524
0.26684953694763924
0.17210187624314044
-1.1848492479472839
-2.0122516473982124
-0.25136725285484257
-1.3040496113038351
-1.4718236195500047
-0.6814703306366579
-1.2391282106972434
-1.011945603307678
-0.3516190323130892
-0.3225128938839528
-0.5526851618451776
-1.023169429600784
-1.4232862518611853
-0.9796660625881926
-2.0851614743550773
-3.0932954505671786
-1.9907882688761966
-0.3707462051455707
0.01648560051116038
-0.1908597296002826
0.011001842660388339
0.14678873012668042
0.35428895835073115
0.23799988331050514
-0.23863694984394274
-1.4846480929740131
-0.2878131576701344
0.02029914507112729
-0.029688795640057275
-0.15449542461241467
-0.9332499253801319
-0.4607830090295948
-0.4971879260794957
-0.012613455433360399
0.22895511019282433
-0.06347276374270211
0.30598916351382954
0.1464683878585223
0.12881581073550197
-0.3048089420622381
-0.9687957696341641
-0.7510184777914461
-0.966111750697783
-0.15819939969351518
-0.13097004688631353
0.30262746635361304
-0.13742481870537668
0.3143929293988189
0.5804161869116317
0.7150982168200333
0.5664852294647081
0.5574471284632753
0.9067472979110203
-0.5594402915325458
0.445488282233364
0.3280350613384808
0.4991875770680235
0.1496387009841722
-0.05367867571086385
0.35781005025518453
0.021594405409764483
-0.21601464196926468
-0.4691934766174635
-0.08088485435614867
-2.394672836581904
-1.5933017758111
-0.328082873507883
-0.3589675887564007
-0.025389701026872713
0.20581450317190098
0.48193183586099186
-0.6956810843598363
-2.712133559777452
-1.1917344777388026
-1.665153441909354
-1.9238044325924866
-0.7699823643664878
-0.0014291059369233583
0.32344184148913735
0.2654526997523621
0.07136659186333016
-0.6184776691056408
-0.2515169054175824
0.09231895095963683
-0.03938166881255861
0.13502113667697846
0.3144533020460448
0.5407590542853616
0.2771900911673484
-0.3662114598300861
0.14860570735041967
-0.9147354161789512
-0.17022805020864856
0.11918823316735172
-0.15189479410197093
-0.8912078275186107
0.1069484281410284
0.23799292332820376
0.05809113121037607
-0.6470431200991247
-1.1833922594484356
0.17834883548391972
0.7125521575330118
-0.23967210211711004
-0.6376583651484939
0.10813834909314801
0.4109805356287708
0.5471272092773896
0.3832550307052154
-0.528541366344567
-0.20118515580711482
-0.083346711874913
-0.08200579309849335
-1.687661808282407
-0.33132504662056333
-0.3996301996985334
0.11072021684105576
-0.0694552049719718
-0.47195405816519165
-1.4677709174558737
-0.24695125742358845
0.43092119208080426
0.4813155406573356
0.3675748299934114
0.575768696652934
1.0318613402811885
-0.06061342379213108
0.2730386870293603
-0.3835632508156725
0.21895229173292752
-0.2514663409266577
0.8001064833808798
0.49940461507159006
-0.5006395976473422
0.056299094175915665
0.10398404509816372
-0.06453051544264565
0.1888717518912869
-0.3258013508045778
0.6630200718568298
0.8975167306315202
-0.05063117067178363
-0.6779161115002761
-0.9799716054405705
-1.2881049230407502
-0.8314720125887022
-0.8348560303669531
-0.3080491912965443
-0.1510100675750046
0.03754445642391091
-0.051478884820770066
0.01797436717593337
-0.6202557077278206
0.14419486531375253
-0.04450774297113064
-0.369650801360411
0.18065077150945852
-0.22318517871083027
0.4013933407059229
-0.045557346123740794
0.31844616943557136
-0.4580023850167423
-0.7576155099957957
-0.16785125053257557
-0.10381527263966744
-0.10069245988439407
-0.4230751777249093
-0.8055042434652501
-0.4337133892541212
0.08554416075918547
0.22039421875539655
0.5643941166025878
0.3994192867773063
0.12701377659073299
0.34198452918868905
0.4833862340993227
0.7945120396482084
0.6840347452830721
0.6138977817432005
-0.790097156701672
0.0009188236021905327
-0.6151847034700573
-0.27284001777724015
0.1431335820935924
0.258147925396365
-0.24008897639179258
-0.9905540235430613
-1.7454156902895932
-0.9886959338620928
-0.20900734640128826
-0.2910494378886495
-0.13697660381971055
0.0019687991326513
-0.4820786730983219
-0.5039188054304592
-0.31775585130934797
-0.08348572830377496
-0.05225485750750028
0.28319705739286805
0.11368562692950557
0.7601969741461367
0.890661926299745
0.7665958043970491
0.8750007986344097
-0.15917240766426513
-0.4499759238259369
-0.3417318092387444
0.10635616232838618
-0.32933672819479404
0.11954313620012857
0.5443247393246183
0.7951239252038211
0.927511028999894
0.9213073532630514
0.9868986336269578
0.47000916916675184
0.8836076946277658
0.9161231426331649
0.720835474031853
0.5985814786959528
0.5795219914514637
0.314871012593663
0.3342563718665186
0.4880384780287489
-0.25483989791558614
-0.22954477070322926
0.007963305941074361
-0.4730974170410811
-0.5539314051979638
-0.6114995244165675
-0.28500653135133835
-0.9290413448973394
-0.40248615624318834
-0.13909606181235418
0.129005952287005
0.044341063298222294
-0.2993858729652783
-0.2042018328385689
-0.07904698274908209
-0.3864534312761076
-1.178892533334083
-1.4810079792099764
-1.0792740205832723
-0.8243058525355286
-0.5667403590118649
-0.36854227494487457
-0.479577155624679
-0.7506511212987357
-0.844787195863335
-0.49575269914224596
-0.26418013449550337
-0.15639400394033906
0.08384788199708543
-0.269453332562429
-0.15101158939699316
-0.059269549165263474
-0.5183637188518251
-0.4063088414068282
-0.5595218540325003
0.32795681444170266
0.46263170356587524
0.4469225294812368
0.410748682923858
0.36830465447364025
0.07528705652996842
0.4168800344121856
0.3501901748845774
0.4807034262425671
0.5891077174134759
0.35356004818943243
0.3100072041376132
0.421206342284577
0.3176020937677405
-0.3258651840106381
-0.33250639844998353
-0.16273332255967954
-0.3924263105429263
-0.2176224220181486
-0.22337465941073348
-1.2531528436346506
-1.8325412990082957
-2.041285557194511
-2.509020090820654
-2.425279857543956
-3.038391237759392
-2.0255353514479726
-0.8116234017673895
-0.07216196098662214
0.04105736966278628
0.23940689163046536
0.12204255430159178
0.285706119326643
0.413562770058139
0.5274108809828978
0.45532195139433507
0.19641452819532979
0.2228906036899213
-0.02178878193937206
0.26911298231695735
-0.18930165097609453
-0.24011437575069175
0.16046193341897697
0.1376899522633318
-0.04194011751917143
-0.6314267698136493
-0.42661401625534656
-0.22723474493304607
0.29424409216118796
0.2791039305025115
0.3352815468694963
0.44049813690687933
0.3222749112662232
0.24108528126687356
0.47693471863021186
0.34556339272532355
0.09903621112547073
-5.332420035336154
-5.6083849722415335
-4.313477540595336
-4.987556413609148
-4.758406903649679
-4.729128869130061
-4.047204303279614
-4.848439239705189
-4.431298097372926
-3.930477690621825
-4.115929452276816
-4.280497621425175
-3.896589953016292
-4.243596582126634
-4.5381134681985715
-5.480843263094576
-5.997277085731582
-6.078587665118687
-6.3642673097324725
-6.333498648204546
-6.647642947117859
-4.9620357430039554
-5.21604796922544
-4.482095885850757
-4.059375150673482
-4.592378778441665
-3.9953241372473345
-4.642528628291435
-4.672480378515616
-3.974043465130163
-4.4814273055889515
-5.0267020722373825
-5.189391886892256
-4.944764691778839
-4.746649571783486
-4.868372629151929
-4.259070450293468
-4.012895962777721
-4.494269289851253
-4.020023917549166
-3.536878097506114
-4.0538669885836445
-4.517856145650676
-4.5217186793102595
-4.7355926033658555
-4.531177811469941
-4.204275480890411
-4.038689158433009
-3.8300439437085965
-3.6341555067169984
-3.706667081501622
-4.160097662890681
-4.21210116632602
-3.9913317807183324
-3.430582722943831
-3.711694053701353
-4.0091823408700265
-4.220314759832329
-3.544598567135807
-4.006092085257961
-4.167374519251732
-4.248697022129143
-4.527178402984035
-4.403840520950719
-4.048070323682627
-3.819556134787766
-3.9292800810905666
-4.310237966855452
-3.9080097204421884
-3.5665766724380084
-3.5171455859156393
-3.4456060814619827
-3.798035033912974
-3.889088336789632
-4.01564486873138
-3.8180941574062897
-3.513873374587424
-3.724685928358538
-3.725378183173426
-4.159756922467816
-4.328361479144427
-3.8064567537235705
-3.5803325734454425
-3.566643027026478
-3.9296143206401535
-3.9040538937091407
-3.905262293197342
-4.125514540414231
-3.5827459843782767
-4.201272092382789
-3.8385106122216293
-4.243628239680307
-4.30277796366826
-3.4800889366671655
-3.813259677587056
-3.6117531788315085
-3.70931754250909
-3.4532397096274385
-3.353051660495239
-3.6051848033460248
-3.477438223211756
-4.34278067118916
-4.2953627066203515
-4.767974382386627
-5.466429387238365
-5.819273524131578
-5.340994618640921
-5.080577475329299
-4.6777159182157915
-4.705054369572101
-4.310505146977564
-3.8160563461067887
-3.7626582442792973
-4.152316881943056
-6.346924039652376
-6.356400846549905
-7.879129617936675
-8.132971411235527
-8.506165391664428
-6.966424355596873
-7.225015300365203
-6.850863998862355
-6.67391010492908
-5.731565018206242
-6.237744991270811
-7.042921848722928
-7.180059706753447
-6.1972505283975865
-6.9104923406202925
-6.819757969502818
-6.122282843584554
-6.613684152550274
-6.071875500498555
-5.84067233942145
-5.605980595358846
-5.728078267165028
-5.226006372479006
-6.200577496929852
-5.245641307288128
-4.945258387932272
-5.172362995272544
-6.314464530410439
-6.064080598360482
-6.414345583439079
-5.84583628181584
-6.132861939448415
-6.9719897386904535
-5.67799476516105
-5.769707971465847
-5.695601163883098
-5.421235158910683
-5.7219755674073065
-5.79423776644391
-5.339551848567532
-5.259578630766914
-5.251239554808896
-5.0728646299669125
-4.706541552995207
-5.316903798786645
-5.287345475674521
-5.450688014145869
-5.008285294992391
-5.153922883951482
-4.931248479143481
-5.860481838516108
-5.82391079787271
-6.096400560629071
-5.248797504844012
-5.4804385671203555
-6.17098472830736
-5.371527973967123
-5.540655278408927
-4.8732206538046015
-5.525623270755691
-5.581990245045805
-5.7306922944349425
-5.451373510317426
-6.017687203888068
-5.8131901637943395
-5.9182035591082425
-5.9637637169698055
-5.99818462617389
-5.702322888125162
-5.4577840657556544
-5.166702926798978
-4.7553956241207045
-4.697475652669984
-4.467838255899502
-3.966920224945033
-4.438545564359711
-4.540039358315441
-4.3579249401873215
-4.78897324058865
-4.387583861489701
-4.197575608853107
-4.175313721973305
-3.8577783280388176
-4.054197162885119
-4.300988479738815
-3.953222397724893
-3.8567225296029535
-3.750586181913083
-3.859241770864475
-3.819636045426741
-3.9398153373949474
-3.8466863922900423
-3.845151416313044
-3.659409070947187
-3.6426585031235468
-3.632168541496948
-3.5496517167922765
-3.4112934366082905
-3.386820993797075
-3.7865537289403974
-3.3556690965619707
-3.7588262435904483
-3.3824272296971456
-3.1459199055638694
-3.82933617829641
-3.2978456920834653
-3.633094494060847
-3.363875184881814
-3.7592636760976963
-3.4746112916630594
-3.615568158122878
-3.514648896478062
-3.593969654812254
-3.2022357778836423
-3.361176773614258
-3.2050175798856095
-3.2737878697109193
-3.0599871262388745
-2.9790155388888118
-3.2199607676624713
-3.5424794784836844
-3.2497217305715616
-3.385164837819804
-3.462625720482703
-3.379804959913863
-2.9362750293732636
-3.2468532511695893
-3.4369012852531355
-3.4986550600294346
-3.5921021352742804
-3.376088999675346
-3.5870381178811708
-3.2157100251212487
-3.0156899664899037
-3.4050339807375187
-2.941072344097946
-3.0350155012856024
-3.212838994089491
-3.1044828463382452
-3.4909927005658634
-3.314335434065115
-3.284825298254777
-3.4084496425064494
-3.217181533555652
-3.277365333747265
-3.2741924618470493
-3.035445809157853
-2.763258691962181
-3.450546016518128
-3.109554142557228
-3.2528996354526583
-3.237390181271822
-3.4980044561754746
-3.1832460058647474
-3.178354923606506
-3.539944428887566
-3.4670121002835463
-8.46594519951541
-8.624978534952792
-8.274302114509052
-7.859100533053677
-8.232782709844846
-7.90075303735324
-8.264492598386658
-8.014851247534281
-7.837726014311477
-8.144467559018093
-7.967142511006628
-7.7912778284556214
-7.600987088750686
-6.559814188458277
-4.1422155178279
-2.520187327244897
-2.011712699964297
-1.63323648346755
-1.2039808405720596
-0.9383852531814811
-0.5775860289619132
-1.0891076924077172
-1.2504351661932172
-0.850382362661009
-1.8547918423085912
-2.235852869800204
-3.0015184322737323
-4.415410912178439
-3.4183290245056326
-2.057528146272969
-1.0046489697256729
-0.8263851139754028
-0.529247142524379
-0.36337055216608294
-0.2783155894110695
-0.2612837347216977
-0.2082678089709663
-0.18170416365486208
-0.0903695011031185
-0.21158744077058894
-0.5334816461466655
-1.2317630547950436
-1.4435662787152357
-2.0895603278935626
-2.123958678748795
-1.703965668480327
-1.3444822916135966
-1.2754509882626586
-1.7707734444638765
-1.529862833046484
-0.9921028938412931
-0.3583186785575172
0.18818970347735847
0.13347824190995183
-0.28677363644414217
-0.11589098312502752
-0.490031828824335
-0.7234833665335487
-0.5597456829322431
-0.02718668067811575
-0.09858091745499176
-0.06941387964435655
-0.22139917164699752
-0.9216116868182496
0.09364970050397842
0.33901699217894443
0.6328721542756709
0.7649802143044617
0.7925550529896792
0.6495094255439641
0.7830212266377936
0.7113164674015975
0.9998237437656385
0.9927256039097783
1.050807596059657
0.86932751582664
1.1071943101442052
1.0272215922678345
1.075350245139802
1.0789575409717695
1.4128352180928738
1.5365472861073064
1.3600923370677034
1.5706010259443621
1.5953489792540438
1.1805996447906673
1.6698015475270607
1.3911838591525072
1.1457556968458014
1.1357881364346112
1.0647233570221595
1.1194990205637465
1.033864256737642
1.3580914834128666
1.3085169927169227
1.5969746980670707
1.4947030701997455
1.0589203794930666
0.11951138498245406
-1.6248406784311162
-4.28851991191889
-2.9960030680676173
-3.480242124213858
-1.419878367752446
-0.12383315470656245
0.09456744244710452
-0.13993416819230206
0.34813589044079774
0.35544342874670243
0.4558719096297532
0.41864507957062613
0.22408614581000763
-0.051469954344356944
-0.006294138212201261
-0.06505765305268957
0.30185842428359577
-0.14536381404099238
-0.48801172703787266
0.09282498200028483
0.15238246881308248
0.50372035710249
0.3680246746232936
0.3763699900145875
0.36222770171730223
0.6924903138383838
0.7930538578223496
1.006655563622823
0.9985330962226511
0.5127430325619102
0.7775233191004391
1.24047400984703
1.1504309659938372
0.8228395425323176
0.6839882699010603
0.6905797028129149
0.9807549592011207
0.7855550352768954
1.0158111892122874
1.1048613103671494
1.0516271924810443
1.0696881307280057
1.1092511059159773
1.203365226429521
0.9129436388137626
0.5867351375641399
1.0434772359979454
-0.8841886880539578
-1.2878049151294149
-0.8714759055485269
-0.5071115197859924
-0.47991997404444636
-0.09342228318391194
0.40218296847908697
-0.05565268258180711
0.8339618105884259
0.7737681647774293
1.0681056157711037
1.235607315364015
1.2955050555791863
1.1476768822309447
0.4312948656091403
0.5195764634626115
-0.3687187628905112
-1.2202948997830885
-3.055289488059506
-2.552959592840723
-1.0267425310665743
-1.9569606310946628
-3.339074489194192
-1.767241489152453
-1.229899978072926
-1.7729616373581094
-3.199544287687852
-2.545276909944656
-1.7182423133071787
-0.8600699412079184
-0.28516500059872596
-0.182094236707741
-0.1629544146799139
-0.4784049010703856
-0.752419679690391
-0.19617572293090302
0.29747681804736636
0.5350151236830187
0.786714394409731
0.7369740938384806
0.9143281832789873
0.7998369975547102
0.8332807536709737
0.3396324226162153
0.5351920299448399
-0.22545063514462832
0.2201626179213625
0.42961085226549034
0.17234336113370896
0.44537921536224356
0.6150972136976472
0.7324147546493214
0.3310146918240553
1.1868129283741453
0.7568548640893273
0.8018512133642115
0.17283749256686654
0.440899748604469
0.22188113188576775
0.1285789973399944
0.05985307033644738
-1.6072027474528736
-1.0622352587796768
-1.3110395503134329
-2.3844988969782226
-1.2369815352130051
-0.7527642698423811
-0.5490421111297292
-2.4896675657404983
-1.0610046326097937
-1.0202456548686216
-2.503572462198809
-0.7644948289180133
-0.3269482221390646
-0.5433184784178908
-0.4429317042703673
-1.1511964923160698
-1.0213560701982378
-0.003950351344388758
-0.652197003925954
-1.1561262263495449
-1.9563573493453086
-1.5073060739551338
-1.6754974036247008
-0.6718554289213557
-2.660178170636253
-1.3056809310456063
-1.5513926553766428
-1.7905030295749336
-0.14321082753508899
0.8229297735129102
0.8479065208989167
1.0300301709621398
0.8317167687748053
0.6203224288687327
-0.22188274247711415
-0.9214473130983879
-0.7048648851854328
0.19569838490326885
0.8669802624844705
0.6956582653405502
-0.7533467944193317
-0.6039138406591658
0.30446326761310505
0.6140679190845143
0.8556305229665135
0.8127966711137522
0.8904928516914796
1.0726448937919453
0.7027481663195707
1.1736057976851313
0.802802166411063
0.8240323632630386
0.7460525178678818
0.8401700493055797
-0.7780572862667242
-0.04932182775615079
0.5944304404299195
0.8554594217703506
0.4319952233421288
-0.5870276841169352
-3.0060585508188433
-2.9312402029549416
-1.2181484397234978
-0.571747843432111
-0.11452558453227826
0.1463102948809316
-0.22506698933470143
-0.17922551422733501
-0.44016419408746815
-0.3222929717908451
-0.48630907116179484
0.006627332775129224
0.5456661365678172
0.32214627799504325
-0.08272003047815016
0.4020021739531705
0.7459312405153538
0.3266888606588504
0.42199206781833243
-0.7168945625767819
-0.7317417543644817
-1.4925754345045263
-2.056375311321171
-2.6830466727349
-1.0409639477870973
-1.7126381774608854
-0.6720390658985951
0.21000484737183145
0.5425907238919397
0.5478503400395841
0.3301540604314105
0.34605660458465426
-0.01558482058914673
0.39591225878210345
0.7714998135026019
0.32144676063290245
-0.9073168357939178
-0.6961914078333706
-0.10692906056123888
-0.37556793177373093
-1.9169974691802287
-0.9122755159811495
-0.9774257160822086
-0.5339601051814602
0.298828950246378
0.9259180825470579
0.7209233039239022
0.4221697351936896
-0.3690836085064462
-0.658743276577016
0.22268058079538056
0.2627658250048056
-2.223458868557822
-0.5589333954066233
-0.20090974343989532
-0.7921129658740602
0.14757534660482802
0.19810493327374507
-1.4851499485580673
-2.1476394945268282
-3.425498691318287
-2.609956604047023
-1.110169685390845
-1.08250200121617
-1.3507136963357995
-0.9133915244238695
-0.5075337548752812
-0.3537939309341815
-0.5865164449982764
-0.2225010603719958
-0.8583313910163559
-0.047541061893161485
0.02666248171213037
0.26516216326112885
0.17514902101647684
0.10671278354203462
-0.38783790104489524
-0.3290067999394312
-0.34624522817892195
-1.4391446456897328
-0.6088894867370122
-0.5749745981451468
-0.9075252037182069
-0.2507101981120574
-0.8868913750416929
-0.9094926590558332
-0.3981941989608898
0.3860855407244258
0.6191777915032899
0.5783519954691843
0.44629128475789015
0.7265968496658455
0.181376347254665
-0.3771350850287125
-0.44662456842063947
-0.46605669227432567
-0.8568906193798289
-0.17022831442747932
0.10178977506606218
0.08990748557157274
-0.63946094572055
-0.735386913976952
-2.8182949292598143
-4.096085499645034
-3.5921822473798874
-3.5298065852718903
-2.80702363705649
